400 6 0 
190.77000000 -32.63485100 23.38230800  
190.77000000 -32.51097708 23.40790281  
190.77000000 -32.38822766 23.43843718  
190.77000000 -32.26679697 23.47385376  
190.77000000 -32.14687887 23.51409527  
190.77000000 -32.02866639 23.55910124  
190.77000000 -31.91234809 23.60879830  
190.77000000 -31.79811034 23.66310752  
190.77000000 -31.68613531 23.72194067  
190.77000000 -31.57660273 23.78520488  
190.77000000 -31.46968711 23.85279785  
190.77000000 -31.36556044 23.92461256  
190.77000000 -31.26438878 24.00053340  
190.77000000 -31.16633465 24.08044028  
190.77000000 -31.07155259 24.16420301  
190.77000000 -30.98019471 24.25168785  
190.77000000 -30.89241205 24.34275790  
190.77000000 -30.80834803 24.43727037  
190.77000000 -30.72811355 24.53505876  
190.77000000 -30.65183004 24.63596125  
190.77000000 -30.57970721 24.73987165  
190.77000000 -30.51189748 24.84664993  
190.77000000 -30.44817401 24.95591468  
190.77000000 -30.38798490 25.06714038  
190.77000000 -30.32977904 25.17942895  
190.77000000 -30.27202462 25.29194533  
190.77000000 -30.21470138 25.40467303  
190.77000000 -30.15816696 25.51780133  
190.77000000 -30.10241836 25.63132253  
190.77000000 -30.04736226 25.74518007  
190.77000000 -29.99300146 25.85936992  
190.77000000 -29.93936352 25.97390127  
190.77000000 -29.88645093 26.08876994  
190.77000000 -29.83425933 26.20396833  
190.77000000 -29.78279025 26.31949128  
190.77000000 -29.73204702 26.43533465  
190.77000000 -29.68203283 26.55149460  
190.77000000 -29.63275014 26.66796633  
190.77000000 -29.58419591 26.78474368  
190.77000000 -29.53636931 26.90182147  
190.77000000 -29.48929103 27.01920201  
190.77000000 -29.44297381 27.13688496  
190.77000000 -29.39735000 27.25483857  
190.77000000 -29.35230052 27.37301259  
190.77000000 -29.30757370 27.49130933  
190.77000000 -29.26291104 27.60963038  
190.77000000 -29.21827052 27.72795965  
190.77000000 -29.17367757 27.84630725  
190.77000000 -29.12911490 27.96466635  
190.77000000 -29.08455153 28.08302447  
190.77000000 -29.03996335 28.20137314  
190.77000000 -28.99532749 28.31970470  
190.77000000 -28.95061433 28.43800719  
190.77000000 -28.90579202 28.55626751  
190.77000000 -28.86082982 28.67447458  
190.77000000 -28.81569943 28.79261837  
190.77000000 -28.77038449 28.91069164  
190.77000000 -28.72487292 29.02868931  
190.77000000 -28.67915437 29.14660695  
190.77000000 -28.63321891 29.26444031  
190.77000000 -28.58705573 29.38218463  
190.77000000 -28.54065329 29.49983524  
190.77000000 -28.49399921 29.61738635  
190.77000000 -28.44708063 29.73483190  
190.77000000 -28.39988421 29.85216601  
190.77000000 -28.35239675 29.96938281  
190.77000000 -28.30460692 30.08647668  
190.77000000 -28.25650472 30.20344269  
190.77000000 -28.20808479 30.32027756  
190.77000000 -28.15934333 30.43697930  
190.77000000 -28.11027672 30.55354482  
190.77000000 -28.06088104 30.66997137  
190.77000000 -28.01115212 30.78625598  
190.77000000 -27.96108544 30.90239563  
190.77000000 -27.91067516 31.01838657  
190.77000000 -27.85991482 31.13422505  
190.77000000 -27.80879876 31.24990707  
190.77000000 -27.75732152 31.36542869  
190.77000000 -27.70547705 31.48078592  
190.77000000 -27.65325973 31.59597460  
190.77000000 -27.60066756 31.71099256  
190.77000000 -27.54769994 31.82583896  
190.77000000 -27.49435691 31.94051170  
190.77000000 -27.44063844 32.05500891  
190.77000000 -27.38654401 32.16932896  
190.77000000 -27.33207297 32.28347033  
190.77000000 -27.27722508 32.39743118  
190.77000000 -27.22200003 32.51120976  
190.77000000 -27.16639651 32.62480386  
190.77000000 -27.11041283 32.73821111  
190.77000000 -27.05404782 32.85142931  
190.77000000 -26.99730059 32.96445621  
190.77000000 -26.94016983 33.07728966  
190.77000000 -26.88265406 33.18992798  
190.77000000 -26.82475389 33.30236937  
190.77000000 -26.76647069 33.41461247  
190.77000000 -26.70780548 33.52665630  
190.77000000 -26.64875913 33.63849995  
190.77000000 -26.58933279 33.75014222  
190.77000000 -26.52952758 33.86158204  
190.77000000 -26.46934461 33.97281831  
190.77000000 -26.40878462 34.08385041  
190.77000000 -26.34784836 34.19467664  
190.77000000 -26.28653647 34.30529489  
190.77000000 -26.22484914 34.41570400  
190.77000000 -26.16278655 34.52590285  
190.77000000 -26.10034918 34.63588988  
190.77000000 -26.03753755 34.74566361  
190.77000000 -25.97435217 34.85522263  
190.77000000 -25.91079380 34.96456569  
190.77000000 -25.84686478 35.07369246  
190.77000000 -25.78256832 35.18260303  
190.77000000 -25.71790738 35.29129754  
190.77000000 -25.65288457 35.39977642  
190.77000000 -25.58750302 35.50803965  
190.77000000 -25.52176588 35.61608726  
190.77000000 -25.45567563 35.72391921  
190.77000000 -25.38923433 35.83153542  
190.77000000 -25.32244398 35.93893542  
190.77000000 -25.25530629 36.04611869  
190.77000000 -25.18782201 36.15308410  
190.77000000 -25.11999151 36.25982994  
190.77000000 -25.05181590 36.36635556  
190.77000000 -24.98329678 36.47266065  
190.77000000 -24.91443522 36.57874426  
190.77000000 -24.84523195 36.68460529  
190.77000000 -24.77568869 36.79024330  
190.77000000 -24.70580786 36.89565811  
190.77000000 -24.63559186 37.00084986  
190.77000000 -24.56504295 37.10581911  
190.77000000 -24.49416423 37.21056619  
190.77000000 -24.42295894 37.31509166  
190.77000000 -24.35142955 37.41939565  
190.77000000 -24.27957818 37.52347795  
190.77000000 -24.20740776 37.62733919  
190.77000000 -24.13492167 37.73098043  
190.77000000 -24.06212197 37.83440164  
190.77000000 -23.98900987 37.93760217  
190.77000000 -23.91558721 38.04058194  
190.77000000 -23.84185627 38.14334112  
190.77000000 -23.76781887 38.24587966  
190.77000000 -23.69347649 38.34819754  
190.77000000 -23.61883114 38.45029474  
190.77000000 -23.54388522 38.55217131  
190.77000000 -23.46864052 38.65382730  
190.77000000 -23.39309876 38.75526248  
190.77000000 -23.31726200 38.85647715  
190.77000000 -23.24113243 38.95747216  
190.77000000 -23.16471226 39.05824768  
190.77000000 -23.08800366 39.15880355  
190.77000000 -23.01100887 39.25914032  
190.77000000 -22.93373028 39.35925889  
190.77000000 -22.85616998 39.45915952  
190.77000000 -22.77832969 39.55884230  
190.77000000 -22.70021160 39.65830763  
190.77000000 -22.62181840 39.75755587  
190.77000000 -22.54315213 39.85658754  
190.77000000 -22.46421460 39.95540306  
190.77000000 -22.38500796 40.05400296  
190.77000000 -22.30553437 40.15238807  
190.77000000 -22.22579590 40.25055878  
190.77000000 -22.14579434 40.34851531  
190.77000000 -22.06553183 40.44625821  
190.77000000 -21.98501079 40.54378819  
190.77000000 -21.90423333 40.64110589  
190.77000000 -21.82320141 40.73821173  
190.77000000 -21.74191686 40.83510614  
190.77000000 -21.66038151 40.93178937  
190.77000000 -21.57859725 41.02826195  
190.77000000 -21.49656607 41.12452446  
190.77000000 -21.41428963 41.22057727  
190.77000000 -21.33176905 41.31642091  
190.77000000 -21.24900622 41.41205581  
190.77000000 -21.16600339 41.50748261  
190.77000000 -21.08276231 41.60270174  
190.77000000 -20.99928463 41.69771314  
190.77000000 -20.91557205 41.79251735  
190.77000000 -20.83162637 41.88711538  
190.77000000 -20.74744940 41.98150777  
190.77000000 -20.66304302 42.07569463  
190.77000000 -20.57840899 42.16967660  
190.77000000 -20.49354899 42.26345478  
190.77000000 -20.40846492 42.35702988  
190.77000000 -20.32315845 42.45040278  
190.77000000 -20.23763129 42.54357399  
190.77000000 -20.15188537 42.63654359  
190.77000000 -20.06592248 42.72931232  
190.77000000 -19.97974458 42.82188120  
190.77000000 -19.89335352 42.91425103  
190.77000000 -19.80675078 43.00642261  
190.77000000 -19.71993795 43.09839648  
190.77000000 -19.63291687 43.19017275  
190.77000000 -19.54568916 43.28175210  
190.77000000 -19.45825599 43.37313590  
190.77000000 -19.37061894 43.46432478  
190.77000000 -19.28277986 43.55531878  
190.77000000 -19.19474033 43.64611858  
190.77000000 -19.10650182 43.73672531  
190.77000000 -19.01806586 43.82713961  
190.77000000 -18.92943404 43.91736170  
190.77000000 -18.84060798 44.00739236  
190.77000000 -18.75158948 44.09723273  
190.77000000 -18.66237996 44.18688342  
190.77000000 -18.57298045 44.27634451  
190.77000000 -18.48339223 44.36561650  
190.77000000 -18.39361691 44.45470029  
190.77000000 -18.30365605 44.54359667  
190.77000000 -18.21351097 44.63230648  
190.77000000 -18.12318296 44.72083026  
190.77000000 -18.03267339 44.80916814  
190.77000000 -17.94198358 44.89732070  
190.77000000 -17.85111472 44.98528908  
190.77000000 -17.76006817 45.07307399  
190.77000000 -17.66884573 45.16067545  
190.77000000 -17.57744881 45.24809411  
190.77000000 -17.48587838 45.33533137  
190.77000000 -17.39413567 45.42238788  
190.77000000 -17.30222208 45.50926366  
190.77000000 -17.21013891 45.59595935  
190.77000000 -17.11788734 45.68247623  
190.77000000 -17.02546876 45.76881518  
190.77000000 -16.93288483 45.85497645  
190.77000000 -16.84013680 45.94096063  
190.77000000 -16.74722556 46.02676848  
190.77000000 -16.65415245 46.11240077  
190.77000000 -16.56091898 46.19785856  
190.77000000 -16.46752639 46.28314260  
190.77000000 -16.37397587 46.36825311  
190.77000000 -16.28026863 46.45319071  
190.77000000 -16.18640602 46.53795657  
190.77000000 -16.09238925 46.62255139  
190.77000000 -15.99821917 46.70697553  
190.77000000 -15.90389676 46.79122946  
190.77000000 -15.80942311 46.87531375  
190.77000000 -15.71479946 46.95922920  
190.77000000 -15.62002715 47.04297682  
190.77000000 -15.52510734 47.12655739  
190.77000000 -15.43004095 47.20997143  
190.77000000 -15.33482890 47.29321955  
190.77000000 -15.23947262 47.37630210  
190.77000000 -15.14397330 47.45921973  
190.77000000 -15.04833186 47.54197335  
190.77000000 -14.95254930 47.62456355  
190.77000000 -14.85662651 47.70699067  
190.77000000 -14.76056457 47.78925529  
190.77000000 -14.66436460 47.87135850  
190.77000000 -14.56802748 47.95330080  
190.77000000 -14.47155351 48.03508206  
190.77000000 -14.37494341 48.11670269  
190.77000000 -14.27819868 48.19816376  
190.77000000 -14.18132032 48.27946599  
190.77000000 -14.08430904 48.36060924  
190.77000000 -13.98716570 48.44159382  
190.77000000 -13.88989106 48.52242108  
190.77000000 -13.79248591 48.60309172  
190.77000000 -13.69495126 48.68360535  
190.77000000 -13.59728805 48.76396227  
190.77000000 -13.49949734 48.84416384  
190.77000000 -13.40158023 48.92421075  
190.77000000 -13.30353699 49.00410348  
190.77000000 -13.20536829 49.08384265  
190.77000000 -13.10707580 49.16342894  
190.77000000 -13.00866063 49.24286303  
190.77000000 -12.91012321 49.32214544  
190.77000000 -12.81146440 49.40127674  
190.77000000 -12.71268534 49.48025804  
190.77000000 -12.61378698 49.55909019  
190.77000000 -12.51477018 49.63777349  
190.77000000 -12.41563572 49.71630842  
190.77000000 -12.31638441 49.79469572  
190.77000000 -12.21701720 49.87293626  
190.77000000 -12.11753546 49.95103108  
190.77000000 -12.01794018 50.02898096  
190.77000000 -11.91823195 50.10678607  
190.77000000 -11.81841152 50.18444669  
190.77000000 -11.71847943 50.26196368  
190.77000000 -11.61843639 50.33933760  
190.77000000 -11.51828309 50.41656864  
190.77000000 -11.41802031 50.49365722  
190.77000000 -11.31764881 50.57060430  
190.77000000 -11.21716935 50.64741061  
190.77000000 -11.11658273 50.72407640  
190.77000000 -11.01588961 50.80060197  
190.77000000 -10.91509035 50.87698786  
190.77000000 -10.81418548 50.95323459  
190.77000000 -10.71317605 51.02934262  
190.77000000 -10.61206292 51.10531250  
190.77000000 -10.51084660 51.18114493  
190.77000000 -10.40952772 51.25684048  
190.77000000 -10.30810709 51.33239946  
190.77000000 -10.20658546 51.40782219  
190.77000000 -10.10496326 51.48310922  
190.77000000 -10.00324128 51.55826101  
190.77000000 -9.90142010 51.63327849  
190.77000000 -9.79950028 51.70816242  
190.77000000 -9.69748258 51.78291295  
190.77000000 -9.59536750 51.85753049  
190.77000000 -9.49315577 51.93201553  
190.77000000 -9.39084808 52.00636861  
190.77000000 -9.28844502 52.08059039  
190.77000000 -9.18594715 52.15468151  
190.77000000 -9.08335529 52.22864244  
190.77000000 -8.98067001 52.30247368  
190.77000000 -8.87789184 52.37617546  
190.77000000 -8.77502146 52.44974814  
190.77000000 -8.67205952 52.52319271  
190.77000000 -8.56900670 52.59650993  
190.77000000 -8.46586357 52.66970003  
190.77000000 -8.36263059 52.74276333  
190.77000000 -8.25930826 52.81570024  
190.77000000 -8.15589704 52.88851115  
190.77000000 -8.05239737 52.96119624  
190.77000000 -7.94880973 53.03375573  
190.77000000 -7.84513455 53.10619005  
190.77000000 -7.74137236 53.17849958  
190.77000000 -7.63752360 53.25068470  
190.77000000 -7.53358879 53.32274576  
190.77000000 -7.42956839 53.39468319  
190.77000000 -7.32546286 53.46649733  
190.77000000 -7.22127258 53.53818835  
190.77000000 -7.11699813 53.60975646  
190.77000000 -7.01263992 53.68120236  
190.77000000 -6.90819852 53.75252651  
190.77000000 -6.80367425 53.82372905  
190.77000000 -6.69906769 53.89481013  
190.77000000 -6.59437929 53.96577051  
190.77000000 -6.48960990 54.03661082  
190.77000000 -6.38476010 54.10733197  
190.77000000 -6.27983084 54.17793480  
190.77000000 -6.17482286 54.24842060  
190.77000000 -6.06973683 54.31879053  
190.77000000 -5.96457368 54.38904518  
190.77000000 -5.85933398 54.45918528  
190.77000000 -5.75401851 54.52921157  
190.77000000 -5.64862803 54.59912503  
190.77000000 -5.54316356 54.66892704  
190.77000000 -5.43762554 54.73861906  
190.77000000 -5.33201504 54.80820124  
190.77000000 -5.22633251 54.87767427  
190.77000000 -5.12057889 54.94703917  
190.77000000 -5.01475483 55.01629714  
190.77000000 -4.90886125 55.08544880  
190.77000000 -4.80289876 55.15449510  
190.77000000 -4.69686831 55.22343717  
190.77000000 -4.59077003 55.29227581  
190.77000000 -4.48460370 55.36100946  
190.77000000 -4.37836850 55.42963667  
190.77000000 -4.27206378 55.49815612  
190.77000000 -4.16568897 55.56656643  
190.77000000 -4.05924324 55.63486623  
190.77000000 -3.95272622 55.70305402  
190.77000000 -3.84613711 55.77112903  
190.77000000 -3.73947544 55.83909007  
190.77000000 -3.63274025 55.90693541  
190.77000000 -3.52593121 55.97466310  
190.77000000 -3.41904734 56.04227255  
190.77000000 -3.31208848 56.10976251  
190.77000000 -3.20505348 56.17713149  
190.77000000 -3.09794205 56.24437765  
190.77000000 -2.99075328 56.31150039  
190.77000000 -2.88348692 56.37849849  
190.77000000 -2.77614180 56.44537018  
190.77000000 -2.66871770 56.51211343  
190.77000000 -2.56121388 56.57872815  
190.77000000 -2.45363170 56.64521568  
190.77000000 -2.34597536 56.71158308  
190.77000000 -2.23824996 56.77783821  
190.77000000 -2.13046041 56.84398901  
190.77000000 -2.02261117 56.91004360  
190.77000000 -1.91470754 56.97600940  
190.77000000 -1.80675388 57.04189434  
190.77000000 -1.69875534 57.10770570  
190.77000000 -1.59071654 57.17345116  
190.77000000 -1.48264238 57.23913853  
190.77000000 -1.37453746 57.30477594  
190.77000000 -1.26640716 57.37037147  
190.77000000 -1.15825624 57.43593281  
190.77000000 -1.05008808 57.50146576  
190.77000000 -0.94190764 57.56697785  
190.77000000 -0.83372450 57.63248494  
190.77000000 -0.72553393 57.69797784  
190.77000000 -0.61727404 57.76335777  
190.77000000 -0.50889168 57.82853663  
190.77000000 -0.40040385 57.89353292  
190.77000000 -0.29182020 57.95836024  
190.77000000 -0.18306914 58.02293289  
190.77000000 -0.07413817 58.08723504  
190.77000000 0.03470707 58.15158147  
190.77000000 0.14342060 58.21602589  
190.77000000 0.25298584 58.27939519  
190.77000000 0.36297550 58.34230646  
190.77000000 0.46730928 58.41330069  
190.77000000 0.55907160 58.49995591  
190.77000000 0.63517267 58.60118425  
190.77000000 0.69314457 58.71359139  
190.77000000 0.73139561 58.83399143  
190.77000000 0.74878035 58.95915476  
190.77000000 0.74510799 59.08553207  
190.77000000 0.72041937 59.20949668  
190.77000000 0.67475531 59.32742200  
202.90580000 -34.52215700 22.46747800  
202.90580000 -34.39301387 22.49339950  
202.90580000 -34.26503680 22.52457120  
202.90580000 -34.13843624 22.56093236  
202.90580000 -34.01342265 22.60242219  
202.90580000 -33.89020519 22.64897633  
202.90580000 -33.76898805 22.70051532  
202.90580000 -33.64997279 22.75695369  
202.90580000 -33.53335708 22.81819641  
202.90580000 -33.41933587 22.88414336  
202.90580000 -33.30809747 22.95468347  
202.90580000 -33.19982799 23.02970024  
202.90580000 -33.09470767 23.10906874  
202.90580000 -32.99291227 23.19265880  
202.90580000 -32.89460460 23.28032677  
202.90580000 -32.79994708 23.37192679  
202.90580000 -32.70911872 23.46731790  
202.90580000 -32.62228050 23.56634711  
202.90580000 -32.53949015 23.66880208  
202.90580000 -32.46085053 23.77449554  
202.90580000 -32.38681039 23.88342393  
202.90580000 -32.31762322 23.99546952  
202.90580000 -32.25215769 24.10976804  
202.90580000 -32.18898638 24.22533683  
202.90580000 -32.12719225 24.34163183  
202.90580000 -32.06613754 24.45832068  
202.90580000 -32.00583783 24.57540332  
202.90580000 -31.94646867 24.69296063  
202.90580000 -31.88803143 24.81098419  
202.90580000 -31.83048352 24.92944389  
202.90580000 -31.77382875 25.04833308  
202.90580000 -31.71808271 25.16765070  
202.90580000 -31.66324738 25.28738972  
202.90580000 -31.60932213 25.40754175  
202.90580000 -31.55631444 25.52810120  
202.90580000 -31.50423065 25.64906217  
202.90580000 -31.45305833 25.77041198  
202.90580000 -31.40279139 25.89214045  
202.90580000 -31.35348890 26.01426180  
202.90580000 -31.30518632 26.13678120  
202.90580000 -31.25767952 26.25961243  
202.90580000 -31.21069503 26.38264520  
202.90580000 -31.16401783 26.50579458  
202.90580000 -31.11748024 26.62899608  
202.90580000 -31.07106852 26.75224495  
202.90580000 -31.02480924 26.87555191  
202.90580000 -30.97865981 26.99890016  
202.90580000 -30.93255693 27.12226587  
202.90580000 -30.88645807 27.24563307  
202.90580000 -30.84032912 27.36898859  
202.90580000 -30.79414106 27.49232193  
202.90580000 -30.74786670 27.61562285  
202.90580000 -30.70147782 27.73888071  
202.90580000 -30.65494657 27.86208554  
202.90580000 -30.60825126 27.98522838  
202.90580000 -30.56137277 28.10830145  
202.90580000 -30.51429488 28.23129836  
202.90580000 -30.46700237 28.35421306  
202.90580000 -30.41947883 28.47703865  
202.90580000 -30.37170773 28.59976855  
202.90580000 -30.32367548 28.72239656  
202.90580000 -30.27536951 28.84491672  
202.90580000 -30.22677648 28.96732326  
202.90580000 -30.17788294 29.08961039  
202.90580000 -30.12867658 29.21177202  
202.90580000 -30.07914563 29.33380309  
202.90580000 -30.02928162 29.45569858  
202.90580000 -29.97907709 29.57745427  
202.90580000 -29.92852449 29.69906587  
202.90580000 -29.87761639 29.82052886  
202.90580000 -29.82634553 29.94183913  
202.90580000 -29.77470492 30.06299288  
202.90580000 -29.72268929 30.18398618  
202.90580000 -29.67029393 30.30481563  
202.90580000 -29.61751482 30.42547797  
202.90580000 -29.56434791 30.54597029  
202.90580000 -29.51078849 30.66628872  
202.90580000 -29.45683172 30.78642939  
202.90580000 -29.40247488 30.90638957  
202.90580000 -29.34771595 31.02616722  
202.90580000 -29.29255230 31.14575913  
202.90580000 -29.23698103 31.26516189  
202.90580000 -29.18099989 31.38437297  
202.90580000 -29.12460688 31.50339019  
202.90580000 -29.06780033 31.62221070  
202.90580000 -29.01057850 31.74083199  
202.90580000 -28.95294028 31.85925157  
202.90580000 -28.89488482 31.97746716  
202.90580000 -28.83641132 32.09547653  
202.90580000 -28.77751896 32.21327756  
202.90580000 -28.71820667 32.33086774  
202.90580000 -28.65847335 32.44824480  
202.90580000 -28.59831958 32.56540699  
202.90580000 -28.53774675 32.68235277  
202.90580000 -28.47675583 32.79908094  
202.90580000 -28.41534743 32.91559075  
202.90580000 -28.35352270 33.03188038  
202.90580000 -28.29128264 33.14794825  
202.90580000 -28.22862803 33.26379287  
202.90580000 -28.16555960 33.37941278  
202.90580000 -28.10207801 33.49480639  
202.90580000 -28.03818392 33.60997208  
202.90580000 -27.97387777 33.72490818  
202.90580000 -27.90916003 33.83961278  
202.90580000 -27.84403123 33.95408439  
202.90580000 -27.77849191 34.06832189  
202.90580000 -27.71254314 34.18232366  
202.90580000 -27.64618625 34.29608834  
202.90580000 -27.57942390 34.40961557  
202.90580000 -27.51225960 34.52290526  
202.90580000 -27.44469629 34.63595737  
202.90580000 -27.37673658 34.74877203  
202.90580000 -27.30838352 34.86134895  
202.90580000 -27.23963996 34.97368828  
202.90580000 -27.17050857 35.08578954  
202.90580000 -27.10099177 35.19765199  
202.90580000 -27.03109112 35.30927491  
202.90580000 -26.96080793 35.42065711  
202.90580000 -26.89014311 35.53179749  
202.90580000 -26.81909750 35.64269485  
202.90580000 -26.74767242 35.75334819  
202.90580000 -26.67586943 35.86375659  
202.90580000 -26.60368972 35.97391904  
202.90580000 -26.53113447 36.08383439  
202.90580000 -26.45820612 36.19350250  
202.90580000 -26.38490775 36.30292400  
202.90580000 -26.31124285 36.41209924  
202.90580000 -26.23721506 36.52102855  
202.90580000 -26.16282756 36.62971246  
202.90580000 -26.08808307 36.73815197  
202.90580000 -26.01298529 36.84634751  
202.90580000 -25.93753828 36.95429945  
202.90580000 -25.86174472 37.06200820  
202.90580000 -25.78560689 37.16947352  
202.90580000 -25.70912651 37.27669516  
202.90580000 -25.63230489 37.38367291  
202.90580000 -25.55514396 37.49040634  
202.90580000 -25.47764584 37.59689498  
202.90580000 -25.39981188 37.70313829  
202.90580000 -25.32164323 37.80913539  
202.90580000 -25.24314150 37.91488594  
202.90580000 -25.16430862 38.02038996  
202.90580000 -25.08514683 38.12564747  
202.90580000 -25.00565846 38.23065862  
202.90580000 -24.92584663 38.33542416  
202.90580000 -24.84571505 38.43994509  
202.90580000 -24.76526691 38.54422241  
202.90580000 -24.68450485 38.64825740  
202.90580000 -24.60343216 38.75205087  
202.90580000 -24.52205233 38.85560366  
202.90580000 -24.44036856 38.95891683  
202.90580000 -24.35838385 39.06199151  
202.90580000 -24.27610087 39.16482833  
202.90580000 -24.19352226 39.26742725  
202.90580000 -24.11064979 39.36978857  
202.90580000 -24.02748467 39.47191268  
202.90580000 -23.94402850 39.57379937  
202.90580000 -23.86028306 39.67544814  
202.90580000 -23.77625011 39.77685917  
202.90580000 -23.69193150 39.87803297  
202.90580000 -23.60732886 39.97896947  
202.90580000 -23.52244388 40.07966795  
202.90580000 -23.43727829 40.18012877  
202.90580000 -23.35183386 40.28035304  
202.90580000 -23.26611299 40.38034134  
202.90580000 -23.18011819 40.48009421  
202.90580000 -23.09385198 40.57961249  
202.90580000 -23.00731702 40.67889699  
202.90580000 -22.92051592 40.77794877  
202.90580000 -22.83345112 40.87676912  
202.90580000 -22.74612509 40.97535890  
202.90580000 -22.65854007 41.07371896  
202.90580000 -22.57069845 41.17185015  
202.90580000 -22.48260298 41.26975317  
202.90580000 -22.39425578 41.36742882  
202.90580000 -22.30565882 41.46487763  
202.90580000 -22.21681388 41.56210014  
202.90580000 -22.12772240 41.65909710  
202.90580000 -22.03838613 41.75586893  
202.90580000 -21.94880713 41.85241570  
202.90580000 -21.85898700 41.94873784  
202.90580000 -21.76892694 42.04483608  
202.90580000 -21.67862882 42.14071096  
202.90580000 -21.58809492 42.23636304  
202.90580000 -21.49732691 42.33179279  
202.90580000 -21.40632620 42.42700032  
202.90580000 -21.31509454 42.52198624  
202.90580000 -21.22363393 42.61675170  
202.90580000 -21.13194668 42.71129788  
202.90580000 -21.04003494 42.80562631  
202.90580000 -20.94790066 42.89973783  
202.90580000 -20.85554567 42.99363260  
202.90580000 -20.76297204 43.08731169  
202.90580000 -20.67018228 43.18077687  
202.90580000 -20.57717854 43.27402928  
202.90580000 -20.48396259 43.36706944  
202.90580000 -20.39053642 43.45989840  
202.90580000 -20.29690230 43.55251761  
202.90580000 -20.20306191 43.64492786  
202.90580000 -20.10901655 43.73712910  
202.90580000 -20.01476763 43.82912184  
202.90580000 -19.92031652 43.92090736  
202.90580000 -19.82566470 44.01248626  
202.90580000 -19.73081363 44.10385864  
202.90580000 -19.63576473 44.19502505  
202.90580000 -19.54051962 44.28598622  
202.90580000 -19.44507971 44.37674273  
202.90580000 -19.34944601 44.46729516  
202.90580000 -19.25361993 44.55764414  
202.90580000 -19.15760318 44.64779041  
202.90580000 -19.06139705 44.73773449  
202.90580000 -18.96500247 44.82747658  
202.90580000 -18.86842098 44.91701747  
202.90580000 -18.77165488 45.00635847  
202.90580000 -18.67470579 45.09550048  
202.90580000 -18.57757435 45.18444406  
202.90580000 -18.48026188 45.27318989  
202.90580000 -18.38277026 45.36173898  
202.90580000 -18.28510101 45.45009227  
202.90580000 -18.18725557 45.53825031  
202.90580000 -18.08923541 45.62621393  
202.90580000 -17.99104205 45.71398427  
202.90580000 -17.89267700 45.80156226  
202.90580000 -17.79414178 45.88894854  
202.90580000 -17.69543778 45.97614387  
202.90580000 -17.59656638 46.06314902  
202.90580000 -17.49752891 46.14996469  
202.90580000 -17.39832625 46.23659179  
202.90580000 -17.29895970 46.32303117  
202.90580000 -17.19943099 46.40928380  
202.90580000 -17.09974144 46.49535051  
202.90580000 -16.99989223 46.58123176  
202.90580000 -16.89988455 46.66692817  
202.90580000 -16.79971943 46.75244096  
202.90580000 -16.69939812 46.83777108  
202.90580000 -16.59892251 46.92291891  
202.90580000 -16.49829403 47.00788521  
202.90580000 -16.39751341 47.09267124  
202.90580000 -16.29658176 47.17727775  
202.90580000 -16.19550023 47.26170525  
202.90580000 -16.09426986 47.34595441  
202.90580000 -15.99289209 47.43002570  
202.90580000 -15.89136804 47.51391958  
202.90580000 -15.78969813 47.59763675  
202.90580000 -15.68788329 47.68117774  
202.90580000 -15.58592455 47.76454337  
202.90580000 -15.48382291 47.84773447  
202.90580000 -15.38157985 47.93075137  
202.90580000 -15.27919642 48.01359460  
202.90580000 -15.17667320 48.09626490  
202.90580000 -15.07401097 48.17876276  
202.90580000 -14.97121074 48.26108851  
202.90580000 -14.86827356 48.34324283  
202.90580000 -14.76520066 48.42522681  
202.90580000 -14.66199314 48.50704123  
202.90580000 -14.55865188 48.58868638  
202.90580000 -14.45517788 48.67016277  
202.90580000 -14.35157195 48.75147151  
202.90580000 -14.24783503 48.83261342  
202.90580000 -14.14396812 48.91358892  
202.90580000 -14.03997217 48.99439872  
202.90580000 -13.93584844 49.07504368  
202.90580000 -13.83159802 49.15552448  
202.90580000 -13.72722140 49.23584182  
202.90580000 -13.62271938 49.31599646  
202.90580000 -13.51809350 49.39598914  
202.90580000 -13.41334492 49.47582068  
202.90580000 -13.30847436 49.55549187  
202.90580000 -13.20348272 49.63500331  
202.90580000 -13.09837082 49.71435562  
202.90580000 -12.99313957 49.79354942  
202.90580000 -12.88778978 49.87258547  
202.90580000 -12.78232237 49.95146456  
202.90580000 -12.67673830 50.03018753  
202.90580000 -12.57103833 50.10875505  
202.90580000 -12.46522327 50.18716721  
202.90580000 -12.35929406 50.26542444  
202.90580000 -12.25325140 50.34352814  
202.90580000 -12.14709607 50.42147924  
202.90580000 -12.04082898 50.49927775  
202.90580000 -11.93445092 50.57692408  
202.90580000 -11.82796258 50.65441931  
202.90580000 -11.72136477 50.73176435  
202.90580000 -11.61465862 50.80895970  
202.90580000 -11.50784506 50.88600596  
202.90580000 -11.40092477 50.96290390  
202.90580000 -11.29389853 51.03965399  
202.90580000 -11.18676664 51.11625668  
202.90580000 -11.07952963 51.19271247  
202.90580000 -10.97218858 51.26902192  
202.90580000 -10.86474435 51.34518551  
202.90580000 -10.75719710 51.42120376  
202.90580000 -10.64954714 51.49707713  
202.90580000 -10.54179542 51.57280583  
202.90580000 -10.43394265 51.64839036  
202.90580000 -10.32598954 51.72383141  
202.90580000 -10.21793693 51.79912957  
202.90580000 -10.10978527 51.87428564  
202.90580000 -10.00153491 51.94930016  
202.90580000 -9.89318656 52.02417285  
202.90580000 -9.78474094 52.09890390  
202.90580000 -9.67619864 52.17349463  
202.90580000 -9.56756032 52.24794591  
202.90580000 -9.45882660 52.32225763  
202.90580000 -9.34999808 52.39642999  
202.90580000 -9.24107535 52.47046401  
202.90580000 -9.13205907 52.54436050  
202.90580000 -9.02294985 52.61811966  
202.90580000 -8.91374821 52.69174179  
202.90580000 -8.80445472 52.76522741  
202.90580000 -8.69507015 52.83857703  
202.90580000 -8.58559505 52.91179158  
202.90580000 -8.47602994 52.98487180  
202.90580000 -8.36637550 53.05781785  
202.90580000 -8.25663233 53.13063008  
202.90580000 -8.14680101 53.20330930  
202.90580000 -8.03688217 53.27585611  
202.90580000 -7.92687635 53.34827077  
202.90580000 -7.81678431 53.42055354  
202.90580000 -7.70660645 53.49270541  
202.90580000 -7.59634353 53.56472711  
202.90580000 -7.48599612 53.63661921  
202.90580000 -7.37556493 53.70838227  
202.90580000 -7.26505058 53.78001715  
202.90580000 -7.15445381 53.85152456  
202.90580000 -7.04377522 53.92290520  
202.90580000 -6.93301557 53.99415980  
202.90580000 -6.82217559 54.06528951  
202.90580000 -6.71125588 54.13629540  
202.90580000 -6.60025721 54.20717784  
202.90580000 -6.48918014 54.27793746  
202.90580000 -6.37802545 54.34857519  
202.90580000 -6.26679371 54.41909203  
202.90580000 -6.15548571 54.48948850  
202.90580000 -6.04410197 54.55976542  
202.90580000 -5.93264346 54.62992385  
202.90580000 -5.82111064 54.69996496  
202.90580000 -5.70950436 54.76988903  
202.90580000 -5.59782505 54.83969673  
202.90580000 -5.48607362 54.90938907  
202.90580000 -5.37425024 54.97896673  
202.90580000 -5.26235473 55.04842823  
202.90580000 -5.15038662 55.11777222  
202.90580000 -5.03834549 55.18699818  
202.90580000 -4.92623107 55.25610547  
202.90580000 -4.81404298 55.32509306  
202.90580000 -4.70178086 55.39395986  
202.90580000 -4.58944414 55.46270475  
202.90580000 -4.47703270 55.53132647  
202.90580000 -4.36454588 55.59982442  
202.90580000 -4.25198359 55.66819761  
202.90580000 -4.13934516 55.73644513  
202.90580000 -4.02663051 55.80456576  
202.90580000 -3.91383899 55.87255895  
202.90580000 -3.80097054 55.94042366  
202.90580000 -3.68802441 56.00815888  
202.90580000 -3.57500052 56.07576322  
202.90580000 -3.46189809 56.14323598  
202.90580000 -3.34871717 56.21057616  
202.90580000 -3.23545738 56.27778346  
202.90580000 -3.12211980 56.34485861  
202.90580000 -3.00870711 56.41180669  
202.90580000 -2.89522278 56.47863320  
202.90580000 -2.78167003 56.54534347  
202.90580000 -2.66805169 56.61194292  
202.90580000 -2.55437123 56.67843634  
202.90580000 -2.44063150 56.74482897  
202.90580000 -2.32683598 56.81112604  
202.90580000 -2.21298736 56.87733321  
202.90580000 -2.09908924 56.94345523  
202.90580000 -1.98514441 57.00949729  
202.90580000 -1.87115628 57.07546459  
202.90580000 -1.75712782 57.14136246  
202.90580000 -1.64306208 57.20719580  
202.90580000 -1.52896210 57.27297002  
202.90580000 -1.41483191 57.33869175  
202.90580000 -1.30067481 57.40436623  
202.90580000 -1.18649053 57.46999334  
202.90580000 -1.07228261 57.53557712  
202.90580000 -0.95806436 57.60114275  
202.90580000 -0.84383656 57.66669044  
202.90580000 -0.72954257 57.73212312  
202.90580000 -0.61513224 57.79735259  
202.90580000 -0.50061782 57.86239678  
202.90580000 -0.38600149 57.92725771  
202.90580000 -0.27119988 57.99180010  
202.90580000 -0.15620076 58.05600386  
202.90580000 -0.04131676 58.12037316  
202.90580000 0.07339864 58.18499304  
202.90580000 0.18910572 58.24798587  
202.90580000 0.30581929 58.30932530  
202.90580000 0.41836087 58.37755538  
202.90580000 0.52024860 58.46071977  
202.90580000 0.60709864 58.55960702  
202.90580000 0.67485717 58.67242042  
202.90580000 0.72158478 58.79552191  
202.90580000 0.74605807 58.92485103  
202.90580000 0.74787618 59.05642318  
202.90580000 0.72683741 59.18627159  
202.90580000 0.68274005 59.31042900  
215.04160000 -36.38554300 21.55710700  
215.04160000 -36.25134717 21.58431287  
215.04160000 -36.11839855 21.61707346  
215.04160000 -35.98692408 21.65532221  
215.04160000 -35.85714986 21.69899281  
215.04160000 -35.72930159 21.74801472  
215.04160000 -35.60359849 21.80230178  
215.04160000 -35.48025695 21.86176125  
215.04160000 -35.35948964 21.92628874  
215.04160000 -35.24150569 21.99577451  
215.04160000 -35.12650722 22.07009738  
215.04160000 -35.01469347 22.14913062  
215.04160000 -34.90625793 22.23273762  
215.04160000 -34.80138906 22.32077591  
215.04160000 -34.70026012 22.41308896  
215.04160000 -34.60304418 22.50951726  
215.04160000 -34.50993164 22.60990568  
215.04160000 -34.42109434 22.71408665  
215.04160000 -34.33659456 22.82183550  
215.04160000 -34.25653915 22.93295273  
215.04160000 -34.18139617 23.04740524  
215.04160000 -34.11134069 23.16500390  
215.04160000 -34.04470370 23.28462214  
215.04160000 -33.97957585 23.40505600  
215.04160000 -33.91544916 23.52600197  
215.04160000 -33.85224081 23.64743714  
215.04160000 -33.78995596 23.76935480  
215.04160000 -33.72862141 23.89175211  
215.04160000 -33.66824103 24.01462138  
215.04160000 -33.60881267 24.13795406  
215.04160000 -33.55033965 24.26174290  
215.04160000 -33.49282658 24.38598077  
215.04160000 -33.43627594 24.51065965  
215.04160000 -33.38069054 24.63577179  
215.04160000 -33.32607884 24.76131180  
215.04160000 -33.27244683 24.88727329  
215.04160000 -33.21977828 25.01364129  
215.04160000 -33.16806569 25.14040380  
215.04160000 -33.11738426 25.26758072  
215.04160000 -33.06777294 25.39517838  
215.04160000 -33.01893283 25.52307490  
215.04160000 -32.97049204 25.65112331  
215.04160000 -32.92229443 25.77926271  
215.04160000 -32.87426515 25.90746547  
215.04160000 -32.82637861 26.03572178  
215.04160000 -32.77861959 26.16402591  
215.04160000 -32.73093782 26.29235877  
215.04160000 -32.68327363 26.42069825  
215.04160000 -32.63558401 26.54902831  
215.04160000 -32.58783343 26.67733544  
215.04160000 -32.53999520 26.80560987  
215.04160000 -32.49204549 26.93384270  
215.04160000 -32.44395831 27.06202403  
215.04160000 -32.39570737 27.19014449  
215.04160000 -32.34727113 27.31819512  
215.04160000 -32.29862949 27.44616773  
215.04160000 -32.24976210 27.57405429  
215.04160000 -32.20064869 27.70184669  
215.04160000 -32.15127013 27.82953689  
215.04160000 -32.10160837 27.95711721  
215.04160000 -32.05164990 28.08458164  
215.04160000 -32.00138259 28.21192516  
215.04160000 -31.95079354 28.33914129  
215.04160000 -31.89986952 28.46622366  
215.04160000 -31.84859868 28.59316648  
215.04160000 -31.79696993 28.71996460  
215.04160000 -31.74497440 28.84661285  
215.04160000 -31.69260370 28.97310666  
215.04160000 -31.63984859 29.09944067  
215.04160000 -31.58669970 29.22560942  
215.04160000 -31.53314941 29.35160829  
215.04160000 -31.47919089 29.47743354  
215.04160000 -31.42481946 29.60308106  
215.04160000 -31.37003105 29.72854736  
215.04160000 -31.31482175 29.85382905  
215.04160000 -31.25918773 29.97892263  
215.04160000 -31.20312467 30.10382450  
215.04160000 -31.14662813 30.22853126  
215.04160000 -31.08969510 30.35303944  
215.04160000 -31.03232288 30.47734615  
215.04160000 -30.97450859 30.60144795  
215.04160000 -30.91624927 30.72534120  
215.04160000 -30.85754157 30.84902256  
215.04160000 -30.79838208 30.97248916  
215.04160000 -30.73876951 31.09573782  
215.04160000 -30.67870320 31.21876604  
215.04160000 -30.61818290 31.34157159  
215.04160000 -30.55720853 31.46415229  
215.04160000 -30.49577967 31.58650585  
215.04160000 -30.43389588 31.70862974  
215.04160000 -30.37155688 31.83052182  
215.04160000 -30.30876228 31.95218067  
215.04160000 -30.24551301 32.07360401  
215.04160000 -30.18181029 32.19478966  
215.04160000 -30.11765450 32.31573595  
215.04160000 -30.05304572 32.43644120  
215.04160000 -29.98798471 32.55690339  
215.04160000 -29.92247226 32.67712076  
215.04160000 -29.85650920 32.79709151  
215.04160000 -29.79009635 32.91681390  
215.04160000 -29.72323478 33.03628629  
215.04160000 -29.65592571 33.15550726  
215.04160000 -29.58817085 33.27447548  
215.04160000 -29.51997193 33.39318982  
215.04160000 -29.45132969 33.51164841  
215.04160000 -29.38224462 33.62984908  
215.04160000 -29.31271884 33.74779100  
215.04160000 -29.24275522 33.86547411  
215.04160000 -29.17235613 33.98289738  
215.04160000 -29.10152354 34.10005963  
215.04160000 -29.03025974 34.21696009  
215.04160000 -28.95856727 34.33359822  
215.04160000 -28.88644896 34.44997358  
215.04160000 -28.81390776 34.56608578  
215.04160000 -28.74094588 34.68193408  
215.04160000 -28.66756513 34.79751764  
215.04160000 -28.59376780 34.91283574  
215.04160000 -28.51955637 35.02788787  
215.04160000 -28.44493323 35.14267343  
215.04160000 -28.36990075 35.25719174  
215.04160000 -28.29446116 35.37144225  
215.04160000 -28.21861670 35.48542426  
215.04160000 -28.14236955 35.59913722  
215.04160000 -28.06572186 35.71258075  
215.04160000 -27.98867668 35.82575477  
215.04160000 -27.91123748 35.93865949  
215.04160000 -27.83340698 36.05129479  
215.04160000 -27.75518747 36.16366044  
215.04160000 -27.67658178 36.27575636  
215.04160000 -27.59759281 36.38758293  
215.04160000 -27.51822354 36.49914011  
215.04160000 -27.43847705 36.61042755  
215.04160000 -27.35835604 36.72144546  
215.04160000 -27.27786346 36.83219380  
215.04160000 -27.19700214 36.94267298  
215.04160000 -27.11577468 37.05288379  
215.04160000 -27.03418399 37.16282625  
215.04160000 -26.95223282 37.27250045  
215.04160000 -26.86992411 37.38190667  
215.04160000 -26.78726107 37.49104514  
215.04160000 -26.70424633 37.59991619  
215.04160000 -26.62088239 37.70851993  
215.04160000 -26.53717191 37.81685671  
215.04160000 -26.45311755 37.92492707  
215.04160000 -26.36872180 38.03273113  
215.04160000 -26.28398686 38.14026899  
215.04160000 -26.19891514 38.24754074  
215.04160000 -26.11350923 38.35454648  
215.04160000 -26.02777153 38.46128647  
215.04160000 -25.94170436 38.56776097  
215.04160000 -25.85531007 38.67397018  
215.04160000 -25.76859112 38.77991420  
215.04160000 -25.68155015 38.88559363  
215.04160000 -25.59419016 38.99100928  
215.04160000 -25.50651409 39.09616206  
215.04160000 -25.41852460 39.20105328  
215.04160000 -25.33022437 39.30568341  
215.04160000 -25.24161590 39.41005261  
215.04160000 -25.15270223 39.51416191  
215.04160000 -25.06348685 39.61801277  
215.04160000 -24.97397247 39.72160601  
215.04160000 -24.88416124 39.82494192  
215.04160000 -24.79405572 39.92802128  
215.04160000 -24.70365889 40.03084505  
215.04160000 -24.61297288 40.13341372  
215.04160000 -24.52199915 40.23572748  
215.04160000 -24.43073978 40.33778668  
215.04160000 -24.33919747 40.43959165  
215.04160000 -24.24737435 40.54114303  
215.04160000 -24.15527200 40.64244179  
215.04160000 -24.06289250 40.74348829  
215.04160000 -23.97023824 40.84428252  
215.04160000 -23.87731127 40.94482510  
215.04160000 -23.78411368 41.04511685  
215.04160000 -23.69064772 41.14515853  
215.04160000 -23.59691572 41.24495098  
215.04160000 -23.50292019 41.34449524  
215.04160000 -23.40866388 41.44379252  
215.04160000 -23.31414931 41.54284393  
215.04160000 -23.21937868 41.64165061  
215.04160000 -23.12435442 41.74021357  
215.04160000 -23.02907879 41.83853401  
215.04160000 -22.93355427 41.93661300  
215.04160000 -22.83778375 42.03445124  
215.04160000 -22.74176944 42.13204978  
215.04160000 -22.64551318 42.22940966  
215.04160000 -22.54901696 42.32653167  
215.04160000 -22.45228278 42.42341648  
215.04160000 -22.35531256 42.52006491  
215.04160000 -22.25810814 42.61647793  
215.04160000 -22.16067141 42.71265629  
215.04160000 -22.06300427 42.80860053  
215.04160000 -21.96510844 42.90431128  
215.04160000 -21.86698535 42.99978932  
215.04160000 -21.76863682 43.09503539  
215.04160000 -21.67006501 43.19005020  
215.04160000 -21.57127178 43.28483463  
215.04160000 -21.47225907 43.37938936  
215.04160000 -21.37302859 43.47371512  
215.04160000 -21.27358178 43.56781283  
215.04160000 -21.17392044 43.66168334  
215.04160000 -21.07404647 43.75532774  
215.04160000 -20.97396176 43.84874702  
215.04160000 -20.87366817 43.94194219  
215.04160000 -20.77316753 44.03491422  
215.04160000 -20.67246180 44.12766392  
215.04160000 -20.57155270 44.22019217  
215.04160000 -20.47044177 44.31249986  
215.04160000 -20.36913063 44.40458780  
215.04160000 -20.26762101 44.49645675  
215.04160000 -20.16591473 44.58810778  
215.04160000 -20.06401365 44.67954226  
215.04160000 -19.96191935 44.77076105  
215.04160000 -19.85963321 44.86176427  
215.04160000 -19.75715667 44.95255259  
215.04160000 -19.65449104 45.04312730  
215.04160000 -19.55163783 45.13348925  
215.04160000 -19.44859843 45.22363898  
215.04160000 -19.34537438 45.31357741  
215.04160000 -19.24196774 45.40330552  
215.04160000 -19.13837999 45.49282410  
215.04160000 -19.03461186 45.58213375  
215.04160000 -18.93066467 45.67123522  
215.04160000 -18.82654050 45.76012948  
215.04160000 -18.72224097 45.84881750  
215.04160000 -18.61776726 45.93730008  
215.04160000 -18.51312078 46.02557802  
215.04160000 -18.40830281 46.11365241  
215.04160000 -18.30331483 46.20152424  
215.04160000 -18.19815839 46.28919455  
215.04160000 -18.09283492 46.37666431  
215.04160000 -17.98734576 46.46393430  
215.04160000 -17.88169222 46.55100540  
215.04160000 -17.77587589 46.63787842  
215.04160000 -17.66989823 46.72455432  
215.04160000 -17.56376056 46.81103437  
215.04160000 -17.45746428 46.89731959  
215.04160000 -17.35101102 46.98341061  
215.04160000 -17.24440210 47.06930815  
215.04160000 -17.13763832 47.15501325  
215.04160000 -17.03072075 47.24052661  
215.04160000 -16.92365053 47.32584876  
215.04160000 -16.81642875 47.41098038  
215.04160000 -16.70905655 47.49592224  
215.04160000 -16.60153504 47.58067511  
215.04160000 -16.49386543 47.66523962  
215.04160000 -16.38604872 47.74961629  
215.04160000 -16.27808558 47.83380568  
215.04160000 -16.16997702 47.91780848  
215.04160000 -16.06172446 48.00162568  
215.04160000 -15.95332910 48.08525819  
215.04160000 -15.84479207 48.16870653  
215.04160000 -15.73611439 48.25197125  
215.04160000 -15.62729693 48.33505292  
215.04160000 -15.51834083 48.41795222  
215.04160000 -15.40924699 48.50067035  
215.04160000 -15.30001649 48.58320827  
215.04160000 -15.19065047 48.66556654  
215.04160000 -15.08114998 48.74774597  
215.04160000 -14.97151626 48.82974757  
215.04160000 -14.86175036 48.91157213  
215.04160000 -14.75185298 48.99322025  
215.04160000 -14.64182502 49.07469274  
215.04160000 -14.53166799 49.15599057  
215.04160000 -14.42138304 49.23711463  
215.04160000 -14.31097099 49.31806548  
215.04160000 -14.20043290 49.39884390  
215.04160000 -14.08977000 49.47945115  
215.04160000 -13.97898341 49.55988811  
215.04160000 -13.86807368 49.64015529  
215.04160000 -13.75704151 49.72025323  
215.04160000 -13.64588801 49.80018251  
215.04160000 -13.53461421 49.87994384  
215.04160000 -13.42322089 49.95953822  
215.04160000 -13.31170897 50.03896647  
215.04160000 -13.20007937 50.11822920  
215.04160000 -13.08833288 50.19732696  
215.04160000 -12.97647011 50.27626008  
215.04160000 -12.86449189 50.35502913  
215.04160000 -12.75239913 50.43363532  
215.04160000 -12.64019272 50.51207971  
215.04160000 -12.52787364 50.59036278  
215.04160000 -12.41544258 50.66848509  
215.04160000 -12.30290039 50.74644698  
215.04160000 -12.19024803 50.82424901  
215.04160000 -12.07748636 50.90189238  
215.04160000 -11.96461633 50.97937783  
215.04160000 -11.85163822 51.05670573  
215.04160000 -11.73855247 51.13387651  
215.04160000 -11.62536013 51.21089065  
215.04160000 -11.51206211 51.28774872  
215.04160000 -11.39865887 51.36445154  
215.04160000 -11.28515105 51.44099985  
215.04160000 -11.17153955 51.51739427  
215.04160000 -11.05782500 51.59363542  
215.04160000 -10.94400798 51.66972362  
215.04160000 -10.83008908 51.74565945  
215.04160000 -10.71606935 51.82144365  
215.04160000 -10.60194969 51.89707682  
215.04160000 -10.48773029 51.97255928  
215.04160000 -10.37341171 52.04789154  
215.04160000 -10.25899490 52.12307470  
215.04160000 -10.14448051 52.19810972  
215.04160000 -10.02986936 52.27299653  
215.04160000 -9.91516221 52.34773525  
215.04160000 -9.80035935 52.42232691  
215.04160000 -9.68546144 52.49677225  
215.04160000 -9.57046923 52.57107188  
215.04160000 -9.45538330 52.64522641  
215.04160000 -9.34020428 52.71923626  
215.04160000 -9.22493279 52.79310192  
215.04160000 -9.10956946 52.86682404  
215.04160000 -8.99411496 52.94040327  
215.04160000 -8.87856994 53.01384030  
215.04160000 -8.76293497 53.08713573  
215.04160000 -8.64721060 53.16028974  
215.04160000 -8.53139761 53.23330265  
215.04160000 -8.41549651 53.30617564  
215.04160000 -8.29950802 53.37890959  
215.04160000 -8.18343278 53.45150489  
215.04160000 -8.06727144 53.52396191  
215.04160000 -7.95102445 53.59628130  
215.04160000 -7.83469269 53.66846365  
215.04160000 -7.71827674 53.74051021  
215.04160000 -7.60177730 53.81242197  
215.04160000 -7.48519509 53.88419940  
215.04160000 -7.36853076 53.95584304  
215.04160000 -7.25178493 54.02735384  
215.04160000 -7.13495824 54.09873274  
215.04160000 -7.01805151 54.16998059  
215.04160000 -6.90106530 54.24109832  
215.04160000 -6.78400039 54.31208650  
215.04160000 -6.66685729 54.38294597  
215.04160000 -6.54963688 54.45367758  
215.04160000 -6.43233963 54.52428233  
215.04160000 -6.31496638 54.59476072  
215.04160000 -6.19751763 54.66511359  
215.04160000 -6.07999432 54.73534200  
215.04160000 -5.96239685 54.80544712  
215.04160000 -5.84472610 54.87542921  
215.04160000 -5.72698218 54.94528838  
215.04160000 -5.60916487 55.01502367  
215.04160000 -5.49127389 55.08463415  
215.04160000 -5.37330893 55.15411919  
215.04160000 -5.25526969 55.22347807  
215.04160000 -5.13715584 55.29270972  
215.04160000 -5.01896715 55.36181305  
215.04160000 -4.90070316 55.43078735  
215.04160000 -4.78236375 55.49963167  
215.04160000 -4.66394836 55.56834509  
215.04160000 -4.54545696 55.63692642  
215.04160000 -4.42688891 55.70537502  
215.04160000 -4.30824426 55.77368985  
215.04160000 -4.18952236 55.84187022  
215.04160000 -4.07072324 55.90991504  
215.04160000 -3.95184633 55.97782376  
215.04160000 -3.83289164 56.04559533  
215.04160000 -3.71385833 56.11322857  
215.04160000 -3.59474659 56.18072204  
215.04160000 -3.47555589 56.24807591  
215.04160000 -3.35628733 56.31529130  
215.04160000 -3.23694362 56.38237319  
215.04160000 -3.11752805 56.44932704  
215.04160000 -2.99804370 56.51615812  
215.04160000 -2.87849344 56.58287181  
215.04160000 -2.75888062 56.64947335  
215.04160000 -2.63920803 56.71596824  
215.04160000 -2.51947900 56.78236154  
215.04160000 -2.39969624 56.84865875  
215.04160000 -2.27986335 56.91486546  
215.04160000 -2.15998294 56.98098758  
215.04160000 -2.04005842 57.04702965  
215.04160000 -1.92009265 57.11299655  
215.04160000 -1.80008862 57.17889384  
215.04160000 -1.68004937 57.24472749  
215.04160000 -1.55997877 57.31050390  
215.04160000 -1.43988009 57.37622795  
215.04160000 -1.31975287 57.44189970  
215.04160000 -1.19960043 57.50752413  
215.04160000 -1.07943710 57.57312870  
215.04160000 -0.95926615 57.63871689  
215.04160000 -0.83903690 57.70419754  
215.04160000 -0.71870248 57.76948431  
215.04160000 -0.59826442 57.83458163  
215.04160000 -0.47771714 57.89947843  
215.04160000 -0.35699247 57.96403842  
215.04160000 -0.23608249 58.02824439  
215.04160000 -0.11524576 58.09260795  
215.04160000 0.00547388 58.15721484  
215.04160000 0.12703684 58.22016022  
215.04160000 0.24959123 58.28115160  
215.04160000 0.36939896 58.34755230  
215.04160000 0.48092096 58.42682625  
215.04160000 0.57830513 58.52240102  
215.04160000 0.65568527 58.63503449  
215.04160000 0.71074137 58.76054279  
215.04160000 0.74218966 58.89376527  
215.04160000 0.74939146 59.03025999  
215.04160000 0.73186360 59.16575784  
215.04160000 0.68912292 59.29598900  
227.17740000 -38.25484800 20.64558500  
227.17740000 -38.11550470 20.67385033  
227.17740000 -37.97748184 20.70798378  
227.17740000 -37.84102326 20.74791388  
227.17740000 -37.70637227 20.79356933  
227.17740000 -37.57377088 20.84487435  
227.17740000 -37.44345487 20.90173481  
227.17740000 -37.31565704 20.96404927  
227.17740000 -37.19060490 21.03170512  
227.17740000 -37.06852276 21.10458380  
227.17740000 -36.94962741 21.18255357  
227.17740000 -36.83413192 21.26547666  
227.17740000 -36.72224241 21.35320395  
227.17740000 -36.61416009 21.44558042  
227.17740000 -36.51007332 21.54243845  
227.17740000 -36.41016778 21.64360575  
227.17740000 -36.31463253 21.74890501  
227.17740000 -36.22364545 21.85815063  
227.17740000 -36.13732406 21.97113248  
227.17740000 -36.05580164 22.08764846  
227.17740000 -35.97937952 22.20753611  
227.17740000 -35.90800117 22.33045757  
227.17740000 -35.83974237 22.45518193  
227.17740000 -35.77252352 22.58045720  
227.17740000 -35.70610409 22.70613547  
227.17740000 -35.64073040 22.83236808  
227.17740000 -35.57640180 22.95914371  
227.17740000 -35.51305734 23.08641121  
227.17740000 -35.45070192 23.21416394  
227.17740000 -35.38935702 23.34240602  
227.17740000 -35.32902647 23.47112909  
227.17740000 -35.26970918 23.60032178  
227.17740000 -35.21140738 23.72997575  
227.17740000 -35.15412526 23.86008370  
227.17740000 -35.09787158 23.99063942  
227.17740000 -35.04265235 24.12163560  
227.17740000 -34.98845206 24.25305724  
227.17740000 -34.93526371 24.38489240  
227.17740000 -34.88316117 24.51715896  
227.17740000 -34.83217124 24.64985825  
227.17740000 -34.78193091 24.78284505  
227.17740000 -34.73200498 24.91594963  
227.17740000 -34.68227167 25.04912534  
227.17740000 -34.63271214 25.18236612  
227.17740000 -34.58329338 25.31565946  
227.17740000 -34.53397544 25.44899081  
227.17740000 -34.48470916 25.58234129  
227.17740000 -34.43544372 25.71569163  
227.17740000 -34.38613795 25.84902702  
227.17740000 -34.33675530 25.98233403  
227.17740000 -34.28726534 26.11560123  
227.17740000 -34.23763953 26.24881774  
227.17740000 -34.18784741 26.38197215  
227.17740000 -34.13785902 26.51505381  
227.17740000 -34.08765273 26.64805354  
227.17740000 -34.03720962 26.78096333  
227.17740000 -33.98650949 26.91377523  
227.17740000 -33.93553198 27.04648132  
227.17740000 -33.88425873 27.17907349  
227.17740000 -33.83267224 27.31154450  
227.17740000 -33.78075765 27.44388734  
227.17740000 -33.72850085 27.57609549  
227.17740000 -33.67588719 27.70816202  
227.17740000 -33.62290208 27.84008020  
227.17740000 -33.56953344 27.97184373  
227.17740000 -33.51577040 28.10344722  
227.17740000 -33.46160543 28.23488587  
227.17740000 -33.40703207 28.36615540  
227.17740000 -33.35204318 28.49725138  
227.17740000 -33.29663120 28.62816953  
227.17740000 -33.24078865 28.75890468  
227.17740000 -33.18450771 28.88945237  
227.17740000 -33.12778122 29.01980721  
227.17740000 -33.07060212 29.14996370  
227.17740000 -33.01296238 29.27991674  
227.17740000 -32.95485387 29.40966131  
227.17740000 -32.89627030 29.53919217  
227.17740000 -32.83720632 29.66850503  
227.17740000 -32.77766032 29.79759674  
227.17740000 -32.71763206 29.92646491  
227.17740000 -32.65712056 30.05510687  
227.17740000 -32.59612438 30.18352018  
227.17740000 -32.53464254 30.31170178  
227.17740000 -32.47267417 30.43964875  
227.17740000 -32.41021880 30.56735866  
227.17740000 -32.34727611 30.69482917  
227.17740000 -32.28384536 30.82205754  
227.17740000 -32.21992536 30.94904137  
227.17740000 -32.15551554 31.07577762  
227.17740000 -32.09061547 31.20226339  
227.17740000 -32.02522484 31.32849621  
227.17740000 -31.95934338 31.45447399  
227.17740000 -31.89297115 31.58019404  
227.17740000 -31.82610832 31.70565358  
227.17740000 -31.75875509 31.83085047  
227.17740000 -31.69091168 31.95578267  
227.17740000 -31.62257795 32.08044745  
227.17740000 -31.55375361 32.20484218  
227.17740000 -31.48444000 32.32896498  
227.17740000 -31.41463927 32.45281444  
227.17740000 -31.34435366 32.57638933  
227.17740000 -31.27358531 32.69968871  
227.17740000 -31.20233670 32.82271130  
227.17740000 -31.13061015 32.94545618  
227.17740000 -31.05840799 33.06792202  
227.17740000 -30.98573268 33.19010720  
227.17740000 -30.91258634 33.31201081  
227.17740000 -30.83897094 33.43363226  
227.17740000 -30.76488887 33.55497020  
227.17740000 -30.69034250 33.67602330  
227.17740000 -30.61533413 33.79679062  
227.17740000 -30.53986594 33.91727154  
227.17740000 -30.46394023 34.03746481  
227.17740000 -30.38755949 34.15736873  
227.17740000 -30.31072638 34.27698300  
227.17740000 -30.23344376 34.39630780  
227.17740000 -30.15571447 34.51534230  
227.17740000 -30.07754090 34.63408591  
227.17740000 -29.99892617 34.75253808  
227.17740000 -29.91987382 34.87069823  
227.17740000 -29.84038680 34.98856625  
227.17740000 -29.76046791 35.10614192  
227.17740000 -29.68011985 35.22342472  
227.17740000 -29.59934512 35.34041426  
227.17740000 -29.51814691 35.45711036  
227.17740000 -29.43652871 35.57351302  
227.17740000 -29.35449346 35.68962209  
227.17740000 -29.27204372 35.80543728  
227.17740000 -29.18918208 35.92095817  
227.17740000 -29.10591111 36.03618444  
227.17740000 -29.02223406 36.15111621  
227.17740000 -28.93815453 36.26575385  
227.17740000 -28.85367519 36.38009718  
227.17740000 -28.76879842 36.49414548  
227.17740000 -28.68352739 36.60789916  
227.17740000 -28.59786561 36.72135942  
227.17740000 -28.51181621 36.83452627  
227.17740000 -28.42538192 36.94739916  
227.17740000 -28.33856569 37.05997842  
227.17740000 -28.25137086 37.17226454  
227.17740000 -28.16380044 37.28425790  
227.17740000 -28.07585727 37.39595880  
227.17740000 -27.98754445 37.50736767  
227.17740000 -27.89886532 37.61848500  
227.17740000 -27.80982311 37.72931148  
227.17740000 -27.72042070 37.83984824  
227.17740000 -27.63066150 37.95009582  
227.17740000 -27.54054902 38.06005464  
227.17740000 -27.45008622 38.16972532  
227.17740000 -27.35927599 38.27910837  
227.17740000 -27.26812141 38.38820457  
227.17740000 -27.17662580 38.49701477  
227.17740000 -27.08479195 38.60553957  
227.17740000 -26.99262233 38.71377942  
227.17740000 -26.90011945 38.82173467  
227.17740000 -26.80728576 38.92940571  
227.17740000 -26.71412377 39.03679290  
227.17740000 -26.62063610 39.14389648  
227.17740000 -26.52682540 39.25071710  
227.17740000 -26.43269443 39.35725552  
227.17740000 -26.33824554 39.46351214  
227.17740000 -26.24348103 39.56948696  
227.17740000 -26.14840367 39.67518091  
227.17740000 -26.05301666 39.78059559  
227.17740000 -25.95732306 39.88573213  
227.17740000 -25.86132565 39.99059151  
227.17740000 -25.76502756 40.09517497  
227.17740000 -25.66843201 40.19948414  
227.17740000 -25.57154200 40.30352013  
227.17740000 -25.47436040 40.40728364  
227.17740000 -25.37689018 40.51077598  
227.17740000 -25.27913454 40.61399875  
227.17740000 -25.18109622 40.71695307  
227.17740000 -25.08277769 40.81963949  
227.17740000 -24.98418101 40.92205862  
227.17740000 -24.88530785 41.02421116  
227.17740000 -24.78616018 41.12609752  
227.17740000 -24.68674036 41.22771777  
227.17740000 -24.58705017 41.32907238  
227.17740000 -24.48709093 41.43016209  
227.17740000 -24.38686460 41.53098736  
227.17740000 -24.28637353 41.63154850  
227.17740000 -24.18561958 41.73184602  
227.17740000 -24.08460448 41.83188024  
227.17740000 -23.98333025 41.93165187  
227.17740000 -23.88179911 42.03116197  
227.17740000 -23.78001358 42.13041176  
227.17740000 -23.67797635 42.22940270  
227.17740000 -23.57569004 42.32813620  
227.17740000 -23.47315698 42.42661381  
227.17740000 -23.37037977 42.52483694  
227.17740000 -23.26736111 42.62280695  
227.17740000 -23.16410346 42.72052521  
227.17740000 -23.06060923 42.81799295  
227.17740000 -22.95688098 42.91521171  
227.17740000 -22.85292159 43.01218314  
227.17740000 -22.74873334 43.10890854  
227.17740000 -22.64431818 43.20538860  
227.17740000 -22.53967777 43.30162401  
227.17740000 -22.43481354 43.39761542  
227.17740000 -22.32972731 43.49336369  
227.17740000 -22.22442121 43.58886996  
227.17740000 -22.11889682 43.68413481  
227.17740000 -22.01315509 43.77915840  
227.17740000 -21.90719768 43.87394148  
227.17740000 -21.80102687 43.96848550  
227.17740000 -21.69464425 44.06279118  
227.17740000 -21.58805080 44.15685834  
227.17740000 -21.48124805 44.25068766  
227.17740000 -21.37423835 44.34428060  
227.17740000 -21.26702368 44.43763834  
227.17740000 -21.15960536 44.53076197  
227.17740000 -21.05198509 44.62365247  
227.17740000 -20.94416504 44.71631072  
227.17740000 -20.83614713 44.80873793  
227.17740000 -20.72793319 44.90093563  
227.17740000 -20.61952513 44.99290508  
227.17740000 -20.51092461 45.08464757  
227.17740000 -20.40213335 45.17616422  
227.17740000 -20.29315317 45.26745593  
227.17740000 -20.18398603 45.35852410  
227.17740000 -20.07463440 45.44937034  
227.17740000 -19.96510008 45.53999580  
227.17740000 -19.85538391 45.63040117  
227.17740000 -19.74548720 45.72058718  
227.17740000 -19.63541179 45.81055456  
227.17740000 -19.52515920 45.90030418  
227.17740000 -19.41473057 45.98983704  
227.17740000 -19.30412712 46.07915378  
227.17740000 -19.19334986 46.16825498  
227.17740000 -19.08239995 46.25714127  
227.17740000 -18.97127868 46.34581342  
227.17740000 -18.85998729 46.43427223  
227.17740000 -18.74852744 46.52251818  
227.17740000 -18.63690052 46.61055199  
227.17740000 -18.52510729 46.69837493  
227.17740000 -18.41314885 46.78598777  
227.17740000 -18.30102687 46.87339065  
227.17740000 -18.18874277 46.96058435  
227.17740000 -18.07629763 47.04757043  
227.17740000 -17.96369288 47.13435002  
227.17740000 -17.85092991 47.22092409  
227.17740000 -17.73801000 47.30729357  
227.17740000 -17.62493453 47.39345922  
227.17740000 -17.51170485 47.47942200  
227.17740000 -17.39832232 47.56518309  
227.17740000 -17.28478836 47.65074364  
227.17740000 -17.17110435 47.73610479  
227.17740000 -17.05727161 47.82126763  
227.17740000 -16.94329132 47.90623305  
227.17740000 -16.82916471 47.99100208  
227.17740000 -16.71489330 48.07557575  
227.17740000 -16.60047836 48.15995503  
227.17740000 -16.48592116 48.24414063  
227.17740000 -16.37122288 48.32813319  
227.17740000 -16.25638412 48.41193365  
227.17740000 -16.14140591 48.49554284  
227.17740000 -16.02628953 48.57896179  
227.17740000 -15.91103598 48.66219127  
227.17740000 -15.79564621 48.74523157  
227.17740000 -15.68012120 48.82808319  
227.17740000 -15.56446190 48.91074720  
227.17740000 -15.44866943 48.99322446  
227.17740000 -15.33274457 49.07551589  
227.17740000 -15.21668813 49.15762232  
227.17740000 -15.10050138 49.23954412  
227.17740000 -14.98418538 49.32128206  
227.17740000 -14.86774130 49.40283719  
227.17740000 -14.75117030 49.48421027  
227.17740000 -14.63447286 49.56540203  
227.17740000 -14.51764978 49.64641314  
227.17740000 -14.40070232 49.72724435  
227.17740000 -14.28363163 49.80789646  
227.17740000 -14.16643827 49.88837061  
227.17740000 -14.04912298 49.96866774  
227.17740000 -13.93168711 50.04878823  
227.17740000 -13.81413166 50.12873281  
227.17740000 -13.69645754 50.20850241  
227.17740000 -13.57866589 50.28809787  
227.17740000 -13.46075735 50.36752040  
227.17740000 -13.34273259 50.44677090  
227.17740000 -13.22459268 50.52584945  
227.17740000 -13.10633861 50.60475670  
227.17740000 -12.98797142 50.68349415  
227.17740000 -12.86949217 50.76206286  
227.17740000 -12.75090143 50.84046319  
227.17740000 -12.63219991 50.91869571  
227.17740000 -12.51338876 50.99676136  
227.17740000 -12.39446904 51.07466083  
227.17740000 -12.27544094 51.15239473  
227.17740000 -12.15630498 51.22996358  
227.17740000 -12.03706217 51.30736797  
227.17740000 -11.91771340 51.38460862  
227.17740000 -11.79825922 51.46168647  
227.17740000 -11.67870017 51.53860244  
227.17740000 -11.55903748 51.61535681  
227.17740000 -11.43927211 51.69195007  
227.17740000 -11.31940430 51.76838324  
227.17740000 -11.19943455 51.84465721  
227.17740000 -11.07936421 51.92077255  
227.17740000 -10.95919417 51.99672988  
227.17740000 -10.83892480 52.07252961  
227.17740000 -10.71855688 52.14817214  
227.17740000 -10.59809084 52.22365862  
227.17740000 -10.47752710 52.29898998  
227.17740000 -10.35686665 52.37416616  
227.17740000 -10.23611012 52.44918737  
227.17740000 -10.11525784 52.52405419  
227.17740000 -9.99431051 52.59876711  
227.17740000 -9.87326868 52.67332690  
227.17740000 -9.75213292 52.74773414  
227.17740000 -9.63090376 52.82198906  
227.17740000 -9.50958179 52.89609200  
227.17740000 -9.38816759 52.97004376  
227.17740000 -9.26666179 53.04384496  
227.17740000 -9.14506492 53.11749590  
227.17740000 -9.02337762 53.19099685  
227.17740000 -8.90160031 53.26434842  
227.17740000 -8.77973373 53.33755104  
227.17740000 -8.65777826 53.41060539  
227.17740000 -8.53573469 53.48351203  
227.17740000 -8.41360363 53.55627195  
227.17740000 -8.29138596 53.62888600  
227.17740000 -8.16908236 53.70135517  
227.17740000 -8.04669378 53.77368044  
227.17740000 -7.92422102 53.84586322  
227.17740000 -7.80166482 53.91790480  
227.17740000 -7.67902612 53.98980585  
227.17740000 -7.55630559 54.06156722  
227.17740000 -7.43350408 54.13318999  
227.17740000 -7.31062231 54.20467544  
227.17740000 -7.18766136 54.27602480  
227.17740000 -7.06462178 54.34723946  
227.17740000 -6.94150463 54.41831999  
227.17740000 -6.81831046 54.48926734  
227.17740000 -6.69504022 54.56008251  
227.17740000 -6.57169459 54.63076681  
227.17740000 -6.44827467 54.70132150  
227.17740000 -6.32478096 54.77174797  
227.17740000 -6.20121442 54.84204664  
227.17740000 -6.07757519 54.91221772  
227.17740000 -5.95386303 54.98226013  
227.17740000 -5.83007745 55.05217277  
227.17740000 -5.70621810 55.12195459  
227.17740000 -5.58228467 55.19160444  
227.17740000 -5.45827652 55.26112101  
227.17740000 -5.33419345 55.33050291  
227.17740000 -5.21003491 55.39974959  
227.17740000 -5.08580075 55.46886014  
227.17740000 -4.96149036 55.53783336  
227.17740000 -4.83710354 55.60666776  
227.17740000 -4.71263953 55.67536227  
227.17740000 -4.58809844 55.74391541  
227.17740000 -4.46347934 55.81232649  
227.17740000 -4.33878227 55.88059429  
227.17740000 -4.21400656 55.94871816  
227.17740000 -4.08915212 56.01669694  
227.17740000 -3.96421810 56.08452918  
227.17740000 -3.83920454 56.15221319  
227.17740000 -3.71411077 56.21974875  
227.17740000 -3.58893791 56.28713669  
227.17740000 -3.46368861 56.35438248  
227.17740000 -3.33836617 56.42149212  
227.17740000 -3.21297387 56.48847120  
227.17740000 -3.08751466 56.55532547  
227.17740000 -2.96199192 56.62206048  
227.17740000 -2.83640847 56.68868213  
227.17740000 -2.71076786 56.75519603  
227.17740000 -2.58507276 56.82160827  
227.17740000 -2.45932693 56.88792452  
227.17740000 -2.33353297 56.95415089  
227.17740000 -2.20769444 57.02029252  
227.17740000 -2.08181423 57.08635491  
227.17740000 -1.95589543 57.15234369  
227.17740000 -1.82994122 57.21826497  
227.17740000 -1.70395546 57.28412594  
227.17740000 -1.57794145 57.34993224  
227.17740000 -1.45189912 57.41568407  
227.17740000 -1.32583186 57.48138656  
227.17740000 -1.19975322 57.54706751  
227.17740000 -1.07366762 57.61273313  
227.17740000 -0.94753298 57.67830299  
227.17740000 -0.82130738 57.74369497  
227.17740000 -0.69497731 57.80889004  
227.17740000 -0.56852889 57.87386174  
227.17740000 -0.44192392 57.93850923  
227.17740000 -0.31516075 58.00282429  
227.17740000 -0.18838988 58.06719098  
227.17740000 -0.06163630 58.13167244  
227.17740000 0.06565902 58.19483663  
227.17740000 0.19360030 58.25641511  
227.17740000 0.32009789 58.32171602  
227.17740000 0.44082776 58.39686742  
227.17740000 0.54850836 58.48843776  
227.17740000 0.63546632 58.60036481  
227.17740000 0.69891844 58.72796410  
227.17740000 0.73739233 58.86486060  
227.17740000 0.74997773 59.00612316  
227.17740000 0.73590053 59.14716992  
227.17740000 0.69438666 59.28342000  
239.31320000 -40.12298800 19.73435700  
239.31320000 -39.97848036 19.76373255  
239.31320000 -39.83537018 19.79929580  
239.31320000 -39.69391831 19.84096944  
239.31320000 -39.55438571 19.88867618  
239.31320000 -39.41703135 19.94233411  
239.31320000 -39.28210813 20.00184169  
239.31320000 -39.14986566 20.06708928  
239.31320000 -39.02054674 20.13795484  
239.31320000 -38.89439104 20.21430969  
239.31320000 -38.77163070 20.29601159  
239.31320000 -38.65249362 20.38291146  
239.31320000 -38.53719736 20.47484664  
239.31320000 -38.42595515 20.57164898  
239.31320000 -38.31897498 20.67314078  
239.31320000 -38.21645694 20.77913703  
239.31320000 -38.11857467 20.88943029  
239.31320000 -38.02550630 21.00381332  
239.31320000 -37.93747632 21.12211654  
239.31320000 -37.85466765 21.24414423  
239.31320000 -37.77702649 21.36950905  
239.31320000 -37.70410100 21.49764343  
239.31320000 -37.63394124 21.62734001  
239.31320000 -37.56456424 21.75744745  
239.31320000 -37.49590888 21.88792038  
239.31320000 -37.42839180 22.01899103  
239.31320000 -37.36200919 22.15064615  
239.31320000 -37.29665435 22.28281264  
239.31320000 -37.23233315 22.41548310  
239.31320000 -37.16907966 22.54866637  
239.31320000 -37.10689779 22.68235399  
239.31320000 -37.04578356 22.81653294  
239.31320000 -36.98573997 22.95119424  
239.31320000 -36.92677244 23.08633052  
239.31320000 -36.86888838 23.22193432  
239.31320000 -36.81209274 23.35799741  
239.31320000 -36.75637514 23.49450604  
239.31320000 -36.70173196 23.63144829  
239.31320000 -36.64821934 23.76883483  
239.31320000 -36.59583593 23.90665613  
239.31320000 -36.54417093 24.04475026  
239.31320000 -36.49274829 24.18293443  
239.31320000 -36.44147956 24.32117485  
239.31320000 -36.39039398 24.45948345  
239.31320000 -36.33945012 24.59784463  
239.31320000 -36.28858372 24.73623429  
239.31320000 -36.23773862 24.87463171  
239.31320000 -36.18686352 25.01301803  
239.31320000 -36.13591855 25.15137866  
239.31320000 -36.08486886 25.28970096  
239.31320000 -36.03368580 25.42797400  
239.31320000 -35.98234260 25.56618749  
239.31320000 -35.93081115 25.70433087  
239.31320000 -35.87906354 25.84239370  
239.31320000 -35.82707623 25.98036649  
239.31320000 -35.77482676 26.11824041  
239.31320000 -35.72229051 26.25600534  
239.31320000 -35.66944269 26.39365137  
239.31320000 -35.61626348 26.53116976  
239.31320000 -35.56273512 26.66855308  
239.31320000 -35.50884288 26.80579414  
239.31320000 -35.45457296 26.94288627  
239.31320000 -35.39991131 27.07982267  
239.31320000 -35.34484392 27.21659694  
239.31320000 -35.28935894 27.35320245  
239.31320000 -35.23344548 27.48963328  
239.31320000 -35.17709525 27.62588432  
239.31320000 -35.12030067 27.76195082  
239.31320000 -35.06305300 27.89782733  
239.31320000 -35.00534299 28.03350856  
239.31320000 -34.94716285 28.16898895  
239.31320000 -34.88850505 28.30426371  
239.31320000 -34.82936249 28.43932734  
239.31320000 -34.76972811 28.57417427  
239.31320000 -34.70959433 28.70879917  
239.31320000 -34.64895355 28.84319690  
239.31320000 -34.58780021 28.97736229  
239.31320000 -34.52612957 29.11129124  
239.31320000 -34.46393984 29.24498007  
239.31320000 -34.40123014 29.37842584  
239.31320000 -34.33799891 29.51162528  
239.31320000 -34.27424438 29.64457481  
239.31320000 -34.20996488 29.77727127  
239.31320000 -34.14515881 29.90971190  
239.31320000 -34.07982609 30.04189367  
239.31320000 -34.01396698 30.17381409  
239.31320000 -33.94758168 30.30547055  
239.31320000 -33.88067031 30.43686046  
239.31320000 -33.81323283 30.56798112  
239.31320000 -33.74526896 30.69883012  
239.31320000 -33.67677872 30.82940450  
239.31320000 -33.60776184 30.95970181  
239.31320000 -33.53821833 31.08971897  
239.31320000 -33.46814834 31.21945254  
239.31320000 -33.39755154 31.34890003  
239.31320000 -33.32642747 31.47805912  
239.31320000 -33.25477584 31.60692647  
239.31320000 -33.18259654 31.73549865  
239.31320000 -33.10989153 31.86377419  
239.31320000 -33.03666390 31.99175229  
239.31320000 -32.96291675 32.11943180  
239.31320000 -32.88865284 32.24681193  
239.31320000 -32.81387536 32.37389142  
239.31320000 -32.73858733 32.50066950  
239.31320000 -32.66279201 32.62714508  
239.31320000 -32.58649267 32.75331684  
239.31320000 -32.50969118 32.87918343  
239.31320000 -32.43238886 33.00474323  
239.31320000 -32.35458766 33.12999459  
239.31320000 -32.27628975 33.25493594  
239.31320000 -32.19749696 33.37956574  
239.31320000 -32.11821112 33.50388222  
239.31320000 -32.03843410 33.62788396  
239.31320000 -31.95816789 33.75156991  
239.31320000 -31.87741590 33.87493936  
239.31320000 -31.79618214 33.99799214  
239.31320000 -31.71447070 34.12072825  
239.31320000 -31.63228562 34.24314793  
239.31320000 -31.54963117 34.36525128  
239.31320000 -31.46651136 34.48703880  
239.31320000 -31.38293026 34.60851040  
239.31320000 -31.29889172 34.72966591  
239.31320000 -31.21439915 34.85050518  
239.31320000 -31.12945590 34.97102772  
239.31320000 -31.04406454 35.09123302  
239.31320000 -30.95822722 35.21112052  
239.31320000 -30.87194621 35.33068921  
239.31320000 -30.78522386 35.44993787  
239.31320000 -30.69806261 35.56886596  
239.31320000 -30.61046500 35.68747316  
239.31320000 -30.52243357 35.80575879  
239.31320000 -30.43397110 35.92372185  
239.31320000 -30.34508148 36.04136310  
239.31320000 -30.25576933 36.15868427  
239.31320000 -30.16603906 36.27568616  
239.31320000 -30.07589457 36.39236956  
239.31320000 -29.98534027 36.50873539  
239.31320000 -29.89438061 36.62478510  
239.31320000 -29.80301980 36.74051950  
239.31320000 -29.71126188 36.85593912  
239.31320000 -29.61911073 36.97104492  
239.31320000 -29.52657037 37.08583769  
239.31320000 -29.43364323 37.20031739  
239.31320000 -29.34033098 37.31448330  
239.31320000 -29.24663621 37.42833544  
239.31320000 -29.15256216 37.54187435  
239.31320000 -29.05811109 37.65509978  
239.31320000 -28.96328466 37.76801097  
239.31320000 -28.86808530 37.88060787  
239.31320000 -28.77251608 37.99289076  
239.31320000 -28.67657969 38.10485992  
239.31320000 -28.58027865 38.21651565  
239.31320000 -28.48361655 38.32785900  
239.31320000 -28.38659759 38.43889173  
239.31320000 -28.28922559 38.54961510  
239.31320000 -28.19150386 38.66003027  
239.31320000 -28.09343612 38.77013846  
239.31320000 -27.99502649 38.87994091  
239.31320000 -27.89627853 38.98943901  
239.31320000 -27.79719530 39.09863438  
239.31320000 -27.69778039 39.20752826  
239.31320000 -27.59803811 39.31612126  
239.31320000 -27.49797123 39.42441447  
239.31320000 -27.39758154 39.53240917  
239.31320000 -27.29687184 39.64010596  
239.31320000 -27.19584547 39.74750518  
239.31320000 -27.09450496 39.85460763  
239.31320000 -26.99285241 39.96141427  
239.31320000 -26.89089042 40.06792578  
239.31320000 -26.78862182 40.17414286  
239.31320000 -26.68604933 40.28006645  
239.31320000 -26.58317579 40.38569742  
239.31320000 -26.48000374 40.49103662  
239.31320000 -26.37653549 40.59608480  
239.31320000 -26.27277369 40.70084298  
239.31320000 -26.16872120 40.80531241  
239.31320000 -26.06438071 40.90949416  
239.31320000 -25.95975449 41.01338943  
239.31320000 -25.85484515 41.11699917  
239.31320000 -25.74965557 41.22032408  
239.31320000 -25.64418831 41.32336529  
239.31320000 -25.53844570 41.42612409  
239.31320000 -25.43243043 41.52860172  
239.31320000 -25.32614543 41.63079928  
239.31320000 -25.21959314 41.73271787  
239.31320000 -25.11277566 41.83435846  
239.31320000 -25.00569519 41.93572191  
239.31320000 -24.89835402 42.03680906  
239.31320000 -24.79075474 42.13762126  
239.31320000 -24.68289999 42.23816043  
239.31320000 -24.57479206 42.33842760  
239.31320000 -24.46643279 42.43842309  
239.31320000 -24.35782434 42.53814790  
239.31320000 -24.24896947 42.63760341  
239.31320000 -24.13987063 42.73679100  
239.31320000 -24.03053000 42.83571197  
239.31320000 -23.92094968 42.93436731  
239.31320000 -23.81113178 43.03275771  
239.31320000 -23.70107833 43.13088419  
239.31320000 -23.59079127 43.22874818  
239.31320000 -23.48027270 43.32635081  
239.31320000 -23.36952454 43.42369324  
239.31320000 -23.25854876 43.52077649  
239.31320000 -23.14734766 43.61760129  
239.31320000 -23.03592313 43.71416863  
239.31320000 -22.92427688 43.81047960  
239.31320000 -22.81241096 43.90653541  
239.31320000 -22.70032767 44.00233747  
239.31320000 -22.58802895 44.09788689  
239.31320000 -22.47551673 44.19318418  
239.31320000 -22.36279298 44.28823046  
239.31320000 -22.24985953 44.38302764  
239.31320000 -22.13671835 44.47757696  
239.31320000 -22.02337122 44.57187917  
239.31320000 -21.90981994 44.66593533  
239.31320000 -21.79606615 44.75974701  
239.31320000 -21.68211176 44.85331553  
239.31320000 -21.56795910 44.94664187  
239.31320000 -21.45361006 45.03972724  
239.31320000 -21.33906624 45.13257288  
239.31320000 -21.22432946 45.22518002  
239.31320000 -21.10940163 45.31754990  
239.31320000 -20.99428458 45.40968380  
239.31320000 -20.87898023 45.50158278  
239.31320000 -20.76349001 45.59324758  
239.31320000 -20.64781457 45.68467869  
239.31320000 -20.53195537 45.77587703  
239.31320000 -20.41591459 45.86684413  
239.31320000 -20.29969369 45.95758090  
239.31320000 -20.18329340 46.04808734  
239.31320000 -20.06671495 46.13836410  
239.31320000 -19.94996005 46.22841290  
239.31320000 -19.83303023 46.31823491  
239.31320000 -19.71592704 46.40783043  
239.31320000 -19.59865173 46.49720007  
239.31320000 -19.48120545 46.58634479  
239.31320000 -19.36358960 46.67526550  
239.31320000 -19.24580567 46.76396318  
239.31320000 -19.12785520 46.85243890  
239.31320000 -19.00973948 46.94069406  
239.31320000 -18.89145992 47.02872981  
239.31320000 -18.77301803 47.11654698  
239.31320000 -18.65441527 47.20414666  
239.31320000 -18.53565298 47.29153022  
239.31320000 -18.41673254 47.37869886  
239.31320000 -18.29765548 47.46565336  
239.31320000 -18.17842325 47.55239483  
239.31320000 -18.05903740 47.63892466  
239.31320000 -17.93949940 47.72524403  
239.31320000 -17.81981037 47.81135402  
239.31320000 -17.69997155 47.89725569  
239.31320000 -17.57998461 47.98295005  
239.31320000 -17.45985097 48.06843808  
239.31320000 -17.33957157 48.15372083  
239.31320000 -17.21914758 48.23879918  
239.31320000 -17.09858012 48.32367406  
239.31320000 -16.97787030 48.40834626  
239.31320000 -16.85701903 48.49281649  
239.31320000 -16.73602731 48.57708547  
239.31320000 -16.61489628 48.66115408  
239.31320000 -16.49362710 48.74502327  
239.31320000 -16.37222093 48.82869412  
239.31320000 -16.25067882 48.91216758  
239.31320000 -16.12900178 48.99544429  
239.31320000 -16.00719071 49.07852498  
239.31320000 -15.88524679 49.16141031  
239.31320000 -15.76317117 49.24410112  
239.31320000 -15.64096495 49.32659856  
239.31320000 -15.51862931 49.40890354  
239.31320000 -15.39616496 49.49101696  
239.31320000 -15.27357279 49.57293959  
239.31320000 -15.15085384 49.65467215  
239.31320000 -15.02800910 49.73621542  
239.31320000 -14.90503937 49.81757024  
239.31320000 -14.78194550 49.89873755  
239.31320000 -14.65872878 49.97971816  
239.31320000 -14.53539027 50.06051300  
239.31320000 -14.41193093 50.14112297  
239.31320000 -14.28835178 50.22154887  
239.31320000 -14.16465345 50.30179159  
239.31320000 -14.04083664 50.38185201  
239.31320000 -13.91690264 50.46173068  
239.31320000 -13.79285256 50.54142847  
239.31320000 -13.66868739 50.62094664  
239.31320000 -13.54440818 50.70028602  
239.31320000 -13.42001526 50.77944708  
239.31320000 -13.29550930 50.85843038  
239.31320000 -13.17089142 50.93723687  
239.31320000 -13.04616267 51.01586753  
239.31320000 -12.92132388 51.09432331  
239.31320000 -12.79637591 51.17260496  
239.31320000 -12.67131940 51.25071299  
239.31320000 -12.54615513 51.32864800  
239.31320000 -12.42088370 51.40641113  
239.31320000 -12.29550562 51.48400348  
239.31320000 -12.17002237 51.56142540  
239.31320000 -12.04443494 51.63867756  
239.31320000 -11.91874392 51.71576102  
239.31320000 -11.79295018 51.79267654  
239.31320000 -11.66705422 51.86942482  
239.31320000 -11.54105661 51.94600663  
239.31320000 -11.41495841 52.02242267  
239.31320000 -11.28876043 52.09867377  
239.31320000 -11.16246341 52.17476057  
239.31320000 -11.03606813 52.25068357  
239.31320000 -10.90957491 52.32644329  
239.31320000 -10.78298431 52.40204018  
239.31320000 -10.65629693 52.47747472  
239.31320000 -10.52951346 52.55274742  
239.31320000 -10.40263445 52.62785894  
239.31320000 -10.27566056 52.70280989  
239.31320000 -10.14859245 52.77760100  
239.31320000 -10.02143069 52.85223285  
239.31320000 -9.89417574 52.92670565  
239.31320000 -9.76682817 53.00101975  
239.31320000 -9.63938861 53.07517593  
239.31320000 -9.51185782 53.14917480  
239.31320000 -9.38423626 53.22301686  
239.31320000 -9.25652465 53.29670250  
239.31320000 -9.12872338 53.37023236  
239.31320000 -9.00083333 53.44360705  
239.31320000 -8.87285504 53.51682766  
239.31320000 -8.74478948 53.58989521  
239.31320000 -8.61663739 53.66281095  
239.31320000 -8.48839954 53.73557598  
239.31320000 -8.36007669 53.80819094  
239.31320000 -8.23166966 53.88065669  
239.31320000 -8.10317934 53.95297485  
239.31320000 -7.97460644 54.02514694  
239.31320000 -7.84595190 54.09717348  
239.31320000 -7.71721626 54.16905537  
239.31320000 -7.58840050 54.24079371  
239.31320000 -7.45950531 54.31238979  
239.31320000 -7.33053168 54.38384459  
239.31320000 -7.20148017 54.45515933  
239.31320000 -7.07235185 54.52633503  
239.31320000 -6.94314724 54.59737296  
239.31320000 -6.81386737 54.66827392  
239.31320000 -6.68451280 54.73903900  
239.31320000 -6.55508446 54.80966920  
239.31320000 -6.42558251 54.88016503  
239.31320000 -6.29600669 54.95052491  
239.31320000 -6.16635656 55.02074736  
239.31320000 -6.03663175 55.09083175  
239.31320000 -5.90683206 55.16077730  
239.31320000 -5.77695707 55.23058283  
239.31320000 -5.64700656 55.30024706  
239.31320000 -5.51698001 55.36976917  
239.31320000 -5.38687732 55.43914809  
239.31320000 -5.25669794 55.50838285  
239.31320000 -5.12644188 55.57747210  
239.31320000 -4.99610832 55.64641486  
239.31320000 -4.86569740 55.71520980  
239.31320000 -4.73520840 55.78385641  
239.31320000 -4.60464139 55.85235368  
239.31320000 -4.47399563 55.92070045  
239.31320000 -4.34327121 55.98889515  
239.31320000 -4.21246726 56.05693703  
239.31320000 -4.08158399 56.12482491  
239.31320000 -3.95062078 56.19255837  
239.31320000 -3.81957863 56.26013817  
239.31320000 -3.68846024 56.32757001  
239.31320000 -3.55726878 56.39486011  
239.31320000 -3.42600741 56.46201372  
239.31320000 -3.29467904 56.52903635  
239.31320000 -3.16328701 56.59593420  
239.31320000 -3.03183407 56.66271366  
239.31320000 -2.90032372 56.72938008  
239.31320000 -2.76875858 56.79593927  
239.31320000 -2.63714211 56.86239699  
239.31320000 -2.50547708 56.92875948  
239.31320000 -2.37376703 56.99503266  
239.31320000 -2.24201459 57.06122266  
239.31320000 -2.11022296 57.12733459  
239.31320000 -1.97839509 57.19337413  
239.31320000 -1.84653468 57.25934865  
239.31320000 -1.71464510 57.32526420  
239.31320000 -1.58272671 57.39112184  
239.31320000 -1.45078286 57.45692666  
239.31320000 -1.31882465 57.52270308  
239.31320000 -1.18685687 57.58845844  
239.31320000 -1.05484892 57.65413125  
239.31320000 -0.92276653 57.71965126  
239.31320000 -0.79058245 57.78497264  
239.31320000 -0.65827496 57.85005133  
239.31320000 -0.52583371 57.91483202  
239.31320000 -0.39326315 57.97931806  
239.31320000 -0.26061253 58.04373272  
239.31320000 -0.12788897 58.10811031  
239.31320000 0.00509037 58.17161350  
239.31320000 0.13835874 58.23408696  
239.31320000 0.27122128 58.29863783  
239.31320000 0.40051899 58.36992684  
239.31320000 0.51791984 58.45749184  
239.31320000 0.61431279 58.56831707  
239.31320000 0.68629892 58.69753949  
239.31320000 0.73187560 58.83783581  
239.31320000 0.74982698 58.98375299  
239.31320000 0.73912949 59.13029363  
239.31320000 0.69875954 59.27246100  
251.44900000 -41.99175900 18.82291400  
251.44900000 -41.84205437 18.85338092  
251.44900000 -41.69382468 18.89036087  
251.44900000 -41.54734882 18.93377036  
251.44900000 -41.40290543 18.98352602  
251.44900000 -41.26077182 19.03953931  
251.44900000 -41.12121772 19.10170142  
251.44900000 -40.98450931 19.16989480  
251.44900000 -40.85090589 19.24398717  
251.44900000 -40.72066280 19.32383930  
251.44900000 -40.59402816 19.40929796  
251.44900000 -40.47124507 19.50020227  
251.44900000 -40.35254225 19.59637539  
251.44900000 -40.23814558 19.69763536  
251.44900000 -40.12828594 19.80379580  
251.44900000 -40.02317926 19.91465903  
251.44900000 -39.92297125 20.02998041  
251.44900000 -39.82783468 20.14952802  
251.44900000 -39.73814645 20.27319393  
251.44900000 -39.65416119 20.40079574  
251.44900000 -39.57530948 20.53164678  
251.44900000 -39.50060880 20.66488695  
251.44900000 -39.42829643 20.79944413  
251.44900000 -39.35672707 20.93439490  
251.44900000 -39.28592286 21.06973989  
251.44900000 -39.21630811 21.20570327  
251.44900000 -39.14787913 21.34227144  
251.44900000 -39.08052749 21.47937287  
251.44900000 -39.01425924 21.61699964  
251.44900000 -38.94910908 21.75515958  
251.44900000 -38.88508092 21.89384359  
251.44900000 -38.82217095 22.03303787  
251.44900000 -38.76038295 22.17273363  
251.44900000 -38.69972298 22.31292349  
251.44900000 -38.64019647 22.45359835  
251.44900000 -38.58180734 22.59474882  
251.44900000 -38.52455383 22.73636405  
251.44900000 -38.46843678 22.87843371  
251.44900000 -38.41347942 23.02095487  
251.44900000 -38.35963811 23.16390156  
251.44900000 -38.30647630 23.30710400  
251.44900000 -38.25350534 23.45037694  
251.44900000 -38.20066587 23.59369760  
251.44900000 -38.14802234 23.73709030  
251.44900000 -38.09552466 23.88053674  
251.44900000 -38.04308758 24.02400541  
251.44900000 -37.99064843 24.16747325  
251.44900000 -37.93815444 24.31092142  
251.44900000 -37.88556551 24.45433488  
251.44900000 -37.83284696 24.59770038  
251.44900000 -37.77996950 24.74100727  
251.44900000 -37.72690553 24.88424570  
251.44900000 -37.67362649 25.02740434  
251.44900000 -37.62010386 25.17047201  
251.44900000 -37.56631237 25.31343879  
251.44900000 -37.51222760 25.45629541  
251.44900000 -37.45782389 25.59903095  
251.44900000 -37.40307577 25.74163484  
251.44900000 -37.34796303 25.88409822  
251.44900000 -37.29246773 26.02641367  
251.44900000 -37.23657529 26.16857373  
251.44900000 -37.18027204 26.31057152  
251.44900000 -37.12354339 26.45239987  
251.44900000 -37.06637461 26.59405194  
251.44900000 -37.00875364 26.73552078  
251.44900000 -36.95066931 26.87680004  
251.44900000 -36.89211116 27.01788358  
251.44900000 -36.83306874 27.15876574  
251.44900000 -36.77353148 27.29943960  
251.44900000 -36.71348885 27.43989858  
251.44900000 -36.65293307 27.58013711  
251.44900000 -36.59185760 27.72015036  
251.44900000 -36.53025722 27.85993352  
251.44900000 -36.46812699 27.99948221  
251.44900000 -36.40546103 28.13879119  
251.44900000 -36.34225319 28.27785544  
251.44900000 -36.27849943 28.41667033  
251.44900000 -36.21419635 28.55523197  
251.44900000 -36.14934052 28.69353582  
251.44900000 -36.08392831 28.83157767  
251.44900000 -36.01795649 28.96935302  
251.44900000 -35.95142195 29.10685756  
251.44900000 -35.88432206 29.24408711  
251.44900000 -35.81665453 29.38103810  
251.44900000 -35.74841970 29.51770744  
251.44900000 -35.67961881 29.65409260  
251.44900000 -35.61025213 29.79019083  
251.44900000 -35.54031951 29.92599935  
251.44900000 -35.46982166 30.06151539  
251.44900000 -35.39875937 30.19673672  
251.44900000 -35.32713308 30.33166026  
251.44900000 -35.25494282 30.46628302  
251.44900000 -35.18218874 30.60060195  
251.44900000 -35.10887093 30.73461417  
251.44900000 -35.03498960 30.86831660  
251.44900000 -34.96054507 31.00170597  
251.44900000 -34.88553752 31.13477947  
251.44900000 -34.80996732 31.26753466  
251.44900000 -34.73383713 31.39996965  
251.44900000 -34.65715057 31.53208308  
251.44900000 -34.57991066 31.66387369  
251.44900000 -34.50211988 31.79534069  
251.44900000 -34.42378145 31.92648238  
251.44900000 -34.34489854 32.05729732  
251.44900000 -34.26547404 32.18778417  
251.44900000 -34.18551093 32.31794125  
251.44900000 -34.10501163 32.44776724  
251.44900000 -34.02397837 32.57726090  
251.44900000 -33.94241355 32.70642051  
251.44900000 -33.86031946 32.83524449  
251.44900000 -33.77769852 32.96373126  
251.44900000 -33.69455324 33.09187935  
251.44900000 -33.61088620 33.21968740  
251.44900000 -33.52670038 33.34715387  
251.44900000 -33.44199941 33.47427843  
251.44900000 -33.35678728 33.60106136  
251.44900000 -33.27106824 33.72750229  
251.44900000 -33.18484616 33.85360130  
251.44900000 -33.09812538 33.97935811  
251.44900000 -33.01091030 34.10477248  
251.44900000 -32.92320465 34.22984421  
251.44900000 -32.83501198 34.35457287  
251.44900000 -32.74633615 34.47895843  
251.44900000 -32.65718136 34.60300087  
251.44900000 -32.56755084 34.72669987  
251.44900000 -32.47744737 34.85005497  
251.44900000 -32.38687423 34.97306571  
251.44900000 -32.29583477 35.09573201  
251.44900000 -32.20433258 35.21805365  
251.44900000 -32.11237144 35.34003029  
251.44900000 -32.01995461 35.46166187  
251.44900000 -31.92708523 35.58294830  
251.44900000 -31.83376711 35.70388981  
251.44900000 -31.74000445 35.82448690  
251.44900000 -31.64580117 35.94474007  
251.44900000 -31.55116072 36.06465015  
251.44900000 -31.45608707 36.18421740  
251.44900000 -31.36058432 36.30344191  
251.44900000 -31.26465618 36.42232426  
251.44900000 -31.16830643 36.54086486  
251.44900000 -31.07153865 36.65906430  
251.44900000 -30.97435635 36.77692320  
251.44900000 -30.87676331 36.89444222  
251.44900000 -30.77876341 37.01162206  
251.44900000 -30.68036004 37.12846320  
251.44900000 -30.58155599 37.24496630  
251.44900000 -30.48235500 37.36113193  
251.44900000 -30.38276129 37.47696074  
251.44900000 -30.28277829 37.59245353  
251.44900000 -30.18240923 37.70761070  
251.44900000 -30.08165742 37.82243298  
251.44900000 -29.98052642 37.93692101  
251.44900000 -29.87901975 38.05107584  
251.44900000 -29.77714062 38.16489910  
251.44900000 -29.67489256 38.27839152  
251.44900000 -29.57227926 38.39155340  
251.44900000 -29.46930410 38.50438581  
251.44900000 -29.36597021 38.61689037  
251.44900000 -29.26228092 38.72906784  
251.44900000 -29.15823977 38.84091836  
251.44900000 -29.05385011 38.95244323  
251.44900000 -28.94911551 39.06364418  
251.44900000 -28.84403909 39.17452214  
251.44900000 -28.73862346 39.28507768  
251.44900000 -28.63287188 39.39531193  
251.44900000 -28.52678796 39.50522665  
251.44900000 -28.42037491 39.61482293  
251.44900000 -28.31363574 39.72410133  
251.44900000 -28.20657340 39.83306291  
251.44900000 -28.09919077 39.94170929  
251.44900000 -27.99149114 40.05004174  
251.44900000 -27.88347822 40.15806108  
251.44900000 -27.77515474 40.26576841  
251.44900000 -27.66652280 40.37316482  
251.44900000 -27.55758520 40.48025132  
251.44900000 -27.44834500 40.58702925  
251.44900000 -27.33880486 40.69349957  
251.44900000 -27.22896728 40.79966294  
251.44900000 -27.11883487 40.90552039  
251.44900000 -27.00841038 41.01107327  
251.44900000 -26.89769669 41.11632290  
251.44900000 -26.78669691 41.22127042  
251.44900000 -26.67541344 41.32591679  
251.44900000 -26.56384837 41.43026253  
251.44900000 -26.45200430 41.53430885  
251.44900000 -26.33988407 41.63805777  
251.44900000 -26.22749056 41.74151077  
251.44900000 -26.11482648 41.84466893  
251.44900000 -26.00189434 41.94753347  
251.44900000 -25.88869649 42.05010575  
251.44900000 -25.77523561 42.15238724  
251.44900000 -25.66151463 42.25437959  
251.44900000 -25.54753607 42.35608414  
251.44900000 -25.43330232 42.45750170  
251.44900000 -25.31881583 42.55863359  
251.44900000 -25.20407918 42.65948151  
251.44900000 -25.08909482 42.76004685  
251.44900000 -24.97386516 42.86033059  
251.44900000 -24.85839232 42.96033379  
251.44900000 -24.74267787 43.06005784  
251.44900000 -24.62672394 43.15950382  
251.44900000 -24.51053310 43.25867259  
251.44900000 -24.39410753 43.35756535  
251.44900000 -24.27744916 43.45618350  
251.44900000 -24.16055995 43.55452805  
251.44900000 -24.04344175 43.65259978  
251.44900000 -23.92609668 43.75039993  
251.44900000 -23.80852739 43.84793002  
251.44900000 -23.69073607 43.94519142  
251.44900000 -23.57272437 44.04218534  
251.44900000 -23.45449417 44.13891286  
251.44900000 -23.33604747 44.23537503  
251.44900000 -23.21738631 44.33157311  
251.44900000 -23.09851264 44.42750857  
251.44900000 -22.97942849 44.52318273  
251.44900000 -22.86013584 44.61859675  
251.44900000 -22.74063663 44.71375190  
251.44900000 -22.62093266 44.80864964  
251.44900000 -22.50102584 44.90329127  
251.44900000 -22.38091822 44.99767794  
251.44900000 -22.26061172 45.09181099  
251.44900000 -22.14010847 45.18569168  
251.44900000 -22.01941030 45.27932119  
251.44900000 -21.89851865 45.37270060  
251.44900000 -21.77743521 45.46583096  
251.44900000 -21.65616161 45.55871355  
251.44900000 -21.53469943 45.65134934  
251.44900000 -21.41305005 45.74373905  
251.44900000 -21.29121499 45.83588361  
251.44900000 -21.16919569 45.92778445  
251.44900000 -21.04699375 46.01944281  
251.44900000 -20.92461108 46.11085954  
251.44900000 -20.80204923 46.20203569  
251.44900000 -20.67930963 46.29297218  
251.44900000 -20.55639380 46.38367003  
251.44900000 -20.43330297 46.47413060  
251.44900000 -20.31003862 46.56435512  
251.44900000 -20.18660295 46.65434430  
251.44900000 -20.06299759 46.74409904  
251.44900000 -19.93922315 46.83362066  
251.44900000 -19.81528109 46.92291039  
251.44900000 -19.69117329 47.01196984  
251.44900000 -19.56690119 47.10080027  
251.44900000 -19.44246608 47.18940221  
251.44900000 -19.31786925 47.27777662  
251.44900000 -19.19311233 47.36592491  
251.44900000 -19.06819681 47.45384835  
251.44900000 -18.94312413 47.54154791  
251.44900000 -18.81789580 47.62902475  
251.44900000 -18.69251319 47.71628049  
251.44900000 -18.56697763 47.80331636  
251.44900000 -18.44129049 47.89013296  
251.44900000 -18.31545309 47.97673121  
251.44900000 -18.18946668 48.06311247  
251.44900000 -18.06333252 48.14927774  
251.44900000 -17.93705158 48.23522755  
251.44900000 -17.81062502 48.32096266  
251.44900000 -17.68405393 48.40648440  
251.44900000 -17.55733950 48.49179389  
251.44900000 -17.43048303 48.57689188  
251.44900000 -17.30348569 48.66177923  
251.44900000 -17.17634837 48.74645699  
251.44900000 -17.04907210 48.83092615  
251.44900000 -16.92165822 48.91518747  
251.44900000 -16.79410795 48.99924188  
251.44900000 -16.66642219 49.08309064  
251.44900000 -16.53860192 49.16673481  
251.44900000 -16.41064874 49.25017498  
251.44900000 -16.28256394 49.33341188  
251.44900000 -16.15434815 49.41644679  
251.44900000 -16.02600237 49.49928050  
251.44900000 -15.89752726 49.58191370  
251.44900000 -15.76892379 49.66434740  
251.44900000 -15.64019370 49.74658302  
251.44900000 -15.51133825 49.82862157  
251.44900000 -15.38235759 49.91046344  
251.44900000 -15.25325240 49.99210943  
251.44900000 -15.12402453 50.07356096  
251.44900000 -14.99467527 50.15481918  
251.44900000 -14.86520501 50.23588454  
251.44900000 -14.73561452 50.31675772  
251.44900000 -14.60590511 50.39744009  
251.44900000 -14.47607793 50.47793283  
251.44900000 -14.34613393 50.55823660  
251.44900000 -14.21607409 50.63835196  
251.44900000 -14.08589888 50.71827978  
251.44900000 -13.95560921 50.79802099  
251.44900000 -13.82520644 50.87757690  
251.44900000 -13.69469167 50.95694834  
251.44900000 -13.56406494 51.03613547  
251.44900000 -13.43332683 51.11513877  
251.44900000 -13.30247859 51.19395966  
251.44900000 -13.17152120 51.27259941  
251.44900000 -13.04045542 51.35105858  
251.44900000 -12.90928178 51.42933785  
251.44900000 -12.77800141 51.50743766  
251.44900000 -12.64661539 51.58535873  
251.44900000 -12.51512419 51.66310251  
251.44900000 -12.38352839 51.74067006  
251.44900000 -12.25182912 51.81806148  
251.44900000 -12.12002739 51.89527726  
251.44900000 -11.98812374 51.97231906  
251.44900000 -11.85611877 52.04918792  
251.44900000 -11.72401323 52.12588355  
251.44900000 -11.59180784 52.20240618  
251.44900000 -11.45950332 52.27875726  
251.44900000 -11.32710059 52.35493778  
251.44900000 -11.19460003 52.43094814  
251.44900000 -11.06200201 52.50678869  
251.44900000 -10.92930718 52.58245974  
251.44900000 -10.79651619 52.65796197  
251.44900000 -10.66363003 52.73329647  
251.44900000 -10.53064965 52.80846407  
251.44900000 -10.39757532 52.88346518  
251.44900000 -10.26440756 52.95830014  
251.44900000 -10.13114695 53.03296965  
251.44900000 -9.99779415 53.10747440  
251.44900000 -9.86434989 53.18181495  
251.44900000 -9.73081518 53.25599186  
251.44900000 -9.59719035 53.33000625  
251.44900000 -9.46347617 53.40385889  
251.44900000 -9.32967321 53.47755032  
251.44900000 -9.19578252 53.55108126  
251.44900000 -9.06180481 53.62445368  
251.44900000 -8.92774093 53.69766914  
251.44900000 -8.79359165 53.77072795  
251.44900000 -8.65935768 53.84363076  
251.44900000 -8.52503990 53.91637917  
251.44900000 -8.39063910 53.98897474  
251.44900000 -8.25615627 54.06141842  
251.44900000 -8.12159190 54.13371136  
251.44900000 -7.98694705 54.20585439  
251.44900000 -7.85222232 54.27784862  
251.44900000 -7.71741866 54.34969508  
251.44900000 -7.58253671 54.42139500  
251.44900000 -7.44757748 54.49294952  
251.44900000 -7.31254151 54.56436004  
251.44900000 -7.17742999 54.63562768  
251.44900000 -7.04224338 54.70675362  
251.44900000 -6.90698246 54.77773815  
251.44900000 -6.77164742 54.84858130  
251.44900000 -6.63623800 54.91928229  
251.44900000 -6.50075368 54.98984018  
251.44900000 -6.36519429 55.06025363  
251.44900000 -6.22955958 55.13052133  
251.44900000 -6.09384898 55.20064222  
251.44900000 -5.95806240 55.27061511  
251.44900000 -5.82219934 55.34043925  
251.44900000 -5.68625977 55.41011352  
251.44900000 -5.55024297 55.47963668  
251.44900000 -5.41414901 55.54900724  
251.44900000 -5.27797716 55.61822467  
251.44900000 -5.14172750 55.68728801  
251.44900000 -5.00539942 55.75619629  
251.44900000 -4.86899293 55.82494812  
251.44900000 -4.73250730 55.89354248  
251.44900000 -4.59594267 55.96197789  
251.44900000 -4.45929810 56.03025333  
251.44900000 -4.32257384 56.09836745  
251.44900000 -4.18576930 56.16632009  
251.44900000 -4.04888546 56.23411221  
251.44900000 -3.91192495 56.30174928  
251.44900000 -3.77489108 56.36923741  
251.44900000 -3.63778699 56.43658285  
251.44900000 -3.50061558 56.50379190  
251.44900000 -3.36338021 56.57087039  
251.44900000 -3.22608355 56.63782458  
251.44900000 -3.08872924 56.70466055  
251.44900000 -2.95131987 56.77138481  
251.44900000 -2.81385897 56.83800290  
251.44900000 -2.67634922 56.90452091  
251.44900000 -2.53879411 56.97094515  
251.44900000 -2.40119642 57.03728224  
251.44900000 -2.26355950 57.10353789  
251.44900000 -2.12588620 57.16971815  
251.44900000 -1.98817996 57.23582980  
251.44900000 -1.85044418 57.30187870  
251.44900000 -1.71268000 57.36786814  
251.44900000 -1.57489080 57.43380420  
251.44900000 -1.43708512 57.49970615  
251.44900000 -1.29926763 57.56558056  
251.44900000 -1.16141754 57.63138479  
251.44900000 -1.02350795 57.69706118  
251.44900000 -0.88550132 57.76254064  
251.44900000 -0.74736897 57.82776350  
251.44900000 -0.60912064 57.89271293  
251.44900000 -0.47076554 57.95740105  
251.44900000 -0.33227966 58.02191033  
251.44900000 -0.19365726 58.08625105  
251.44900000 -0.05498709 58.15011155  
251.44900000 0.08371350 58.21343427  
251.44900000 0.22276082 58.27737180  
251.44900000 0.35998902 58.34528401  
251.44900000 0.48649453 58.42915755  
251.44900000 0.59219797 58.53853684  
251.44900000 0.67291049 58.66881914  
251.44900000 0.72572290 58.81221104  
251.44900000 0.74907499 58.96270373  
251.44900000 0.74173798 59.11472712  
251.44900000 0.70248316 59.26271200  
