400 6 0 
190.77000000 -32.63485100 23.38230800  
190.77000000 -32.78664000 23.35788808  
190.77000000 -32.93943724 23.34088766  
190.77000000 -33.09288006 23.33132819  
190.77000000 -33.24660581 23.32923113  
190.77000000 -33.40025160 23.33461060  
190.77000000 -33.55345466 23.34745047  
190.77000000 -33.70585274 23.36772176  
190.77000000 -33.85708557 23.39537390  
190.77000000 -34.00679559 23.43034489  
190.77000000 -34.15463074 23.47254733  
190.77000000 -34.30024066 23.52188368  
190.77000000 -34.44327698 23.57824287  
190.77000000 -34.58339873 23.64149724  
190.77000000 -34.72029782 23.71146315  
190.77000000 -34.85365969 23.78796498  
190.77000000 -34.98309359 23.87092648  
190.77000000 -35.10824879 23.96020716  
190.77000000 -35.22906798 24.05526589  
190.77000000 -35.34575029 24.15532725  
190.77000000 -35.45925100 24.25901825  
190.77000000 -35.57054185 24.36506503  
190.77000000 -35.67958738 24.47339030  
190.77000000 -35.78610909 24.58420686  
190.77000000 -35.89005850 24.69745171  
190.77000000 -35.99144253 24.81299536  
190.77000000 -36.09020871 24.93078037  
190.77000000 -36.18629043 25.05076646  
190.77000000 -36.27963882 25.17289241  
190.77000000 -36.37021046 25.29709144  
190.77000000 -36.45796119 25.42329921  
190.77000000 -36.54284572 25.55145231  
190.77000000 -36.62481470 25.68148886  
190.77000000 -36.70382304 25.81334440  
190.77000000 -36.77985500 25.94694027  
190.77000000 -36.85288488 26.08220246  
190.77000000 -36.92278690 26.21910358  
190.77000000 -36.98947551 26.35759769  
190.77000000 -37.05324568 26.49746091  
190.77000000 -37.11460536 26.63840105  
190.77000000 -37.17449497 26.77998068  
190.77000000 -37.23368517 26.92185947  
190.77000000 -37.29121184 27.06440493  
190.77000000 -37.34577231 27.20817015  
190.77000000 -37.39729113 27.35307535  
190.77000000 -37.44611053 27.49896631  
190.77000000 -37.49227590 27.64571910  
190.77000000 -37.53577327 27.79330559  
190.77000000 -37.57665207 27.94164390  
190.77000000 -37.61497655 28.09063019  
190.77000000 -37.65078220 28.24023645  
190.77000000 -37.68407763 28.39039443  
190.77000000 -37.71488554 28.54107890  
190.77000000 -37.74322325 28.69223607  
190.77000000 -37.76910970 28.84383049  
190.77000000 -37.79256187 28.99581657  
190.77000000 -37.81360262 29.14815464  
190.77000000 -37.83225751 29.30080584  
190.77000000 -37.84855728 29.45372693  
190.77000000 -37.86253576 29.60688515  
190.77000000 -37.87422451 29.76023639  
190.77000000 -37.88365566 29.91374608  
190.77000000 -37.89086165 30.06737690  
190.77000000 -37.89587481 30.22108579  
190.77000000 -37.89872623 30.37484829  
190.77000000 -37.89944588 30.52862988  
190.77000000 -37.89806414 30.68240588  
190.77000000 -37.89461135 30.83614927  
190.77000000 -37.88911760 30.98983326  
190.77000000 -37.88161297 31.14343133  
190.77000000 -37.87212777 31.29691967  
190.77000000 -37.86069270 31.45026917  
190.77000000 -37.84733629 31.60346201  
190.77000000 -37.83208673 31.75647761  
190.77000000 -37.81497309 31.90929588  
190.77000000 -37.79602438 32.06189959  
190.77000000 -37.77526933 32.21426863  
190.77000000 -37.75273639 32.36638344  
190.77000000 -37.72845360 32.51822841  
190.77000000 -37.70244983 32.66978233  
190.77000000 -37.67475096 32.82103422  
190.77000000 -37.64538266 32.97197011  
190.77000000 -37.61437039 33.12257664  
190.77000000 -37.58173927 33.27284201  
190.77000000 -37.54751527 33.42275295  
190.77000000 -37.51172450 33.57229668  
190.77000000 -37.47439198 33.72146275  
190.77000000 -37.43554334 33.87023675  
190.77000000 -37.39520057 34.01861134  
190.77000000 -37.35338538 34.16657697  
190.77000000 -37.31011958 34.31412475  
190.77000000 -37.26542469 34.46124711  
190.77000000 -37.21932267 34.60793497  
190.77000000 -37.17183519 34.75418018  
190.77000000 -37.12298362 34.89997540  
190.77000000 -37.07279012 35.04531074  
190.77000000 -37.02127391 35.19018147  
190.77000000 -36.96845452 35.33458021  
190.77000000 -36.91435022 35.47850184  
190.77000000 -36.85897889 35.62194173  
190.77000000 -36.80235913 35.76489376  
190.77000000 -36.74450925 35.90735280  
190.77000000 -36.68544739 36.04931379  
190.77000000 -36.62519204 36.19077067  
190.77000000 -36.56376028 36.33172006  
190.77000000 -36.50117015 36.47215599  
190.77000000 -36.43743762 36.61207615  
190.77000000 -36.37257838 36.75147798  
190.77000000 -36.30660812 36.89035763  
190.77000000 -36.23954191 37.02871205  
190.77000000 -36.17139571 37.16653800  
190.77000000 -36.10218548 37.30383302  
190.77000000 -36.03192706 37.44059475  
190.77000000 -35.96063676 37.57681926  
190.77000000 -35.88832765 37.71250487  
190.77000000 -35.81501261 37.84764807  
190.77000000 -35.74070399 37.98224690  
190.77000000 -35.66541414 38.11629974  
190.77000000 -35.58915565 38.24980408  
190.77000000 -35.51194063 38.38275791  
190.77000000 -35.43378118 38.51515890  
190.77000000 -35.35468937 38.64700458  
190.77000000 -35.27467696 38.77829341  
190.77000000 -35.19375644 38.90902283  
190.77000000 -35.11193921 39.03919222  
190.77000000 -35.02923717 39.16880013  
190.77000000 -34.94566117 39.29784571  
190.77000000 -34.86122158 39.42632842  
190.77000000 -34.77592974 39.55424724  
190.77000000 -34.68979673 39.68160225  
190.77000000 -34.60283387 39.80839258  
190.77000000 -34.51505251 39.93461702  
190.77000000 -34.42646309 40.06027539  
190.77000000 -34.33707673 40.18536629  
190.77000000 -34.24690277 40.30988972  
190.77000000 -34.15595040 40.43384509  
190.77000000 -34.06422878 40.55723199  
190.77000000 -33.97174695 40.68005022  
190.77000000 -33.87851386 40.80229919  
190.77000000 -33.78453788 40.92397876  
190.77000000 -33.68982790 41.04508829  
190.77000000 -33.59439296 41.16562714  
190.77000000 -33.49824184 41.28559534  
190.77000000 -33.40138385 41.40499244  
190.77000000 -33.30382683 41.52381841  
190.77000000 -33.20557841 41.64207266  
190.77000000 -33.10664642 41.75975523  
190.77000000 -33.00703887 41.87686655  
190.77000000 -32.90676334 41.99340642  
190.77000000 -32.80582672 42.10937466  
190.77000000 -32.70423663 42.22477117  
190.77000000 -32.60200078 42.33959634  
190.77000000 -32.49912658 42.45385018  
190.77000000 -32.39562183 42.56753184  
190.77000000 -32.29149362 42.68064192  
190.77000000 -32.18674956 42.79318079  
190.77000000 -32.08139622 42.90514876  
190.77000000 -31.97543948 43.01654597  
190.77000000 -31.86888603 43.12737260  
190.77000000 -31.76174272 43.23762928  
190.77000000 -31.65401612 43.34731627  
190.77000000 -31.54571192 43.45643425  
190.77000000 -31.43683682 43.56498347  
190.77000000 -31.32739803 43.67296411  
190.77000000 -31.21740184 43.78037670  
190.77000000 -31.10685444 43.88722139  
190.77000000 -30.99576182 43.99349874  
190.77000000 -30.88412997 44.09920949  
190.77000000 -30.77196479 44.20435414  
190.77000000 -30.65927233 44.30893283  
190.77000000 -30.54605832 44.41294622  
190.77000000 -30.43232851 44.51639519  
190.77000000 -30.31808854 44.61928037  
190.77000000 -30.20334425 44.72160205  
190.77000000 -30.08810108 44.82336095  
190.77000000 -29.97236536 44.92455725  
190.77000000 -29.85614234 45.02519192  
190.77000000 -29.73943813 45.12526519  
190.77000000 -29.62225849 45.22477897  
190.77000000 -29.50461005 45.32373552  
190.77000000 -29.38649884 45.42213718  
190.77000000 -29.26793009 45.51998648  
190.77000000 -29.14890998 45.61728579  
190.77000000 -29.02944540 45.71403748  
190.77000000 -28.90954236 45.81024407  
190.77000000 -28.78920647 45.90590792  
190.77000000 -28.66844367 46.00103157  
190.77000000 -28.54726001 46.09561786  
190.77000000 -28.42566177 46.18967001  
190.77000000 -28.30365517 46.28319175  
190.77000000 -28.18124641 46.37618646  
190.77000000 -28.05844177 46.46865715  
190.77000000 -27.93524724 46.56060722  
190.77000000 -27.81166872 46.65204034  
190.77000000 -27.68771224 46.74296019  
190.77000000 -27.56338368 46.83337067  
190.77000000 -27.43868907 46.92327569  
190.77000000 -27.31363475 47.01267908  
190.77000000 -27.18822680 47.10158513  
190.77000000 -27.06247071 47.18999882  
190.77000000 -26.93637234 47.27792440  
190.77000000 -26.80993797 47.36536538  
190.77000000 -26.68317337 47.45232618  
190.77000000 -26.55608437 47.53881170  
190.77000000 -26.42867653 47.62482632  
190.77000000 -26.30095480 47.71037409  
190.77000000 -26.17292443 47.79545920  
190.77000000 -26.04459076 47.88008614  
190.77000000 -25.91595921 47.96425961  
190.77000000 -25.78703525 48.04798455  
190.77000000 -25.65782398 48.13126544  
190.77000000 -25.52833044 48.21410607  
190.77000000 -25.39855964 48.29651097  
190.77000000 -25.26851652 48.37848541  
190.77000000 -25.13820615 48.46003434  
190.77000000 -25.00763345 48.54116246  
190.77000000 -24.87680331 48.62187467  
190.77000000 -24.74572057 48.70217618  
190.77000000 -24.61439006 48.78207207  
190.77000000 -24.48281699 48.86156711  
190.77000000 -24.35100602 48.94066611  
190.77000000 -24.21896130 49.01937383  
190.77000000 -24.08668757 49.09769550  
190.77000000 -23.95418950 49.17563722  
190.77000000 -23.82147161 49.25320428  
190.77000000 -23.68853786 49.33040123  
190.77000000 -23.55539249 49.40723317  
190.77000000 -23.42204061 49.48370556  
190.77000000 -23.28848675 49.55982390  
190.77000000 -23.15473492 49.63559358  
190.77000000 -23.02078905 49.71101935  
190.77000000 -22.88665264 49.78610544  
190.77000000 -22.75232916 49.86085597  
190.77000000 -22.61782167 49.93527520  
190.77000000 -22.48313346 50.00936733  
190.77000000 -22.34826821 50.08313642  
190.77000000 -22.21322922 50.15658659  
190.77000000 -22.07801964 50.22972183  
190.77000000 -21.94264273 50.30254629  
190.77000000 -21.80710162 50.37506451  
190.77000000 -21.67139967 50.44728107  
190.77000000 -21.53554011 50.51920090  
190.77000000 -21.39952612 50.59082857  
190.77000000 -21.26336103 50.66216815  
190.77000000 -21.12704824 50.73322444  
190.77000000 -20.99059103 50.80400324  
190.77000000 -20.85399258 50.87450946  
190.77000000 -20.71725569 50.94474686  
190.77000000 -20.58038330 51.01471994  
190.77000000 -20.44337907 51.08443403  
190.77000000 -20.30624600 51.15389350  
190.77000000 -20.16898587 51.22310137  
190.77000000 -20.03160092 51.29206086  
190.77000000 -19.89409338 51.36077594  
190.77000000 -19.75646554 51.42925043  
190.77000000 -19.61872021 51.49748756  
190.77000000 -19.48085989 51.56549085  
190.77000000 -19.34288629 51.63326447  
190.77000000 -19.20480150 51.70081211  
190.77000000 -19.06660819 51.76813675  
190.77000000 -18.92830877 51.83524190  
190.77000000 -18.78990502 51.90213197  
190.77000000 -18.65139903 51.96881077  
190.77000000 -18.51279312 52.03528128  
190.77000000 -18.37408942 52.10154692  
190.77000000 -18.23528986 52.16761182  
190.77000000 -18.09639646 52.23347981  
190.77000000 -17.95741139 52.29915424  
190.77000000 -17.81833666 52.36463881  
190.77000000 -17.67917478 52.42993744  
190.77000000 -17.53992789 52.49505345  
190.77000000 -17.40059697 52.55998945  
190.77000000 -17.26118340 52.62474785  
190.77000000 -17.12168866 52.68933121  
190.77000000 -16.98211430 52.75374226  
190.77000000 -16.84246189 52.81798410  
190.77000000 -16.70273281 52.88205947  
190.77000000 -16.56292858 52.94597042  
190.77000000 -16.42305066 53.00971932  
190.77000000 -16.28310038 53.07330934  
190.77000000 -16.14307914 53.13674332  
190.77000000 -16.00298860 53.20002350  
190.77000000 -15.86283044 53.26315233  
190.77000000 -15.72260551 53.32613318  
190.77000000 -15.58231498 53.38896896  
190.77000000 -15.44196051 53.45166175  
190.77000000 -15.30154347 53.51421415  
190.77000000 -15.16106555 53.57662936  
190.77000000 -15.02052848 53.63891038  
190.77000000 -14.87993315 53.70106014  
190.77000000 -14.73928061 53.76308133  
190.77000000 -14.59857244 53.82497628  
190.77000000 -14.45780986 53.88674752  
190.77000000 -14.31699439 53.94839765  
190.77000000 -14.17612743 54.00992879  
190.77000000 -14.03520926 54.07134258  
190.77000000 -13.89424078 54.13264080  
190.77000000 -13.75322324 54.19382599  
190.77000000 -13.61215780 54.25490042  
190.77000000 -13.47104506 54.31586579  
190.77000000 -13.32988565 54.37672388  
190.77000000 -13.18868088 54.43747648  
190.77000000 -13.04743191 54.49812554  
190.77000000 -12.90613947 54.55867336  
190.77000000 -12.76480448 54.61912198  
190.77000000 -12.62342782 54.67947306  
190.77000000 -12.48201032 54.73972825  
190.77000000 -12.34055270 54.79988932  
190.77000000 -12.19905567 54.85995803  
190.77000000 -12.05752030 54.91993595  
190.77000000 -11.91594771 54.97982462  
190.77000000 -11.77433809 55.03962604  
190.77000000 -11.63269192 55.09934209  
190.77000000 -11.49101053 55.15897433  
190.77000000 -11.34929482 55.21852437  
190.77000000 -11.20754518 55.27799366  
190.77000000 -11.06576231 55.33738386  
190.77000000 -10.92394724 55.39669714  
190.77000000 -10.78210084 55.45593534  
190.77000000 -10.64022351 55.51509932  
190.77000000 -10.49831595 55.57419021  
190.77000000 -10.35637892 55.63321028  
190.77000000 -10.21441325 55.69216148  
190.77000000 -10.07241942 55.75104489  
190.77000000 -9.93039786 55.80986178  
190.77000000 -9.78834951 55.86861396  
190.77000000 -9.64627514 55.92730313  
190.77000000 -9.50417524 55.98593039  
190.77000000 -9.36205053 56.04449704  
190.77000000 -9.21990173 56.10300526  
190.77000000 -9.07772945 56.16145679  
190.77000000 -8.93553411 56.21985212  
190.77000000 -8.79331614 56.27819195  
190.77000000 -8.65107602 56.33647785  
190.77000000 -8.50881422 56.39471115  
190.77000000 -8.36653110 56.45289223  
190.77000000 -8.22422711 56.51102173  
190.77000000 -8.08190273 56.56910139  
190.77000000 -7.93955840 56.62713272  
190.77000000 -7.79719460 56.68511617  
190.77000000 -7.65481169 56.74305232  
190.77000000 -7.51241007 56.80094243  
190.77000000 -7.36999029 56.85878770  
190.77000000 -7.22755278 56.91658929  
190.77000000 -7.08509793 56.97434828  
190.77000000 -6.94262619 57.03206558  
190.77000000 -6.80013797 57.08974217  
190.77000000 -6.65763377 57.14737928  
190.77000000 -6.51511402 57.20497808  
190.77000000 -6.37257909 57.26253925  
190.77000000 -6.23002946 57.32006361  
190.77000000 -6.08746551 57.37755250  
190.77000000 -5.94488773 57.43500727  
190.77000000 -5.80229664 57.49242904  
190.77000000 -5.65969255 57.54981892  
190.77000000 -5.51707595 57.60717765  
190.77000000 -5.37444731 57.66450605  
190.77000000 -5.23180696 57.72180532  
190.77000000 -5.08915531 57.77907645  
190.77000000 -4.94649253 57.83631986  
190.77000000 -4.80381880 57.89353592  
190.77000000 -4.66113430 57.95072513  
190.77000000 -4.51843930 58.00788804  
190.77000000 -4.37573396 58.06502513  
190.77000000 -4.23301850 58.12213689  
190.77000000 -4.09029309 58.17922381  
190.77000000 -3.94755790 58.23628640  
190.77000000 -3.80481319 58.29332517  
190.77000000 -3.66205910 58.35034064  
190.77000000 -3.51929584 58.40733312  
190.77000000 -3.37652359 58.46430296  
190.77000000 -3.23374252 58.52125066  
190.77000000 -3.09095298 58.57817688  
190.77000000 -2.94815538 58.63508289  
190.77000000 -2.80535043 58.69197018  
190.77000000 -2.66253886 58.74884097  
190.77000000 -2.51972128 58.80569743  
190.77000000 -2.37689856 58.86254077  
190.77000000 -2.23407140 58.91937230  
190.77000000 -2.09124016 58.97619417  
190.77000000 -1.94840561 59.03300837  
190.77000000 -1.80556936 59.08981606  
190.77000000 -1.66273220 59.14661884  
190.77000000 -1.51989133 59.20342052  
190.77000000 -1.37704659 59.26022245  
190.77000000 -1.23421043 59.31701547  
190.77000000 -1.09138141 59.37378980  
190.77000000 -0.94849866 59.43054176  
190.77000000 -0.80555188 59.48727079  
190.77000000 -0.66276436 59.54398277  
190.77000000 -0.52017781 59.60067887  
190.77000000 -0.37697169 59.65733340  
190.77000000 -0.23233674 59.71055514  
190.77000000 -0.08355398 59.74535873  
190.77000000 0.06951144 59.74747817  
190.77000000 0.22063971 59.71680375  
190.77000000 0.36204887 59.65641261  
190.77000000 0.48819863 59.56935593  
190.77000000 0.59409780 59.45867775  
190.77000000 0.67475531 59.32742200  
202.90580000 -34.52215700 22.46747800  
202.90580000 -34.68107395 22.44299234  
202.90580000 -34.84101337 22.42646095  
202.90580000 -35.00157704 22.41790385  
202.90580000 -35.16236722 22.41734101  
202.90580000 -35.32298585 22.42478412  
202.90580000 -35.48303559 22.44021052  
202.90580000 -35.64211995 22.46358342  
202.90580000 -35.79984336 22.49484325  
202.90580000 -35.95581360 22.53391670  
202.90580000 -36.10965051 22.58069735  
202.90580000 -36.26097391 22.63507026  
202.90580000 -36.40939044 22.69692121  
202.90580000 -36.55452272 22.76610879  
202.90580000 -36.69608374 22.84237405  
202.90580000 -36.83375344 22.92549534  
202.90580000 -36.96694457 23.01555226  
202.90580000 -37.09521941 23.11243977  
202.90580000 -37.21917030 23.21486238  
202.90580000 -37.33965526 23.32131737  
202.90580000 -37.45735695 23.43082515  
202.90580000 -37.57280303 23.54271309  
202.90580000 -37.68592108 23.65694801  
202.90580000 -37.79649903 23.77364557  
202.90580000 -37.90448879 23.89274662  
202.90580000 -38.00988177 24.01414957  
202.90580000 -38.11262848 24.13779833  
202.90580000 -38.21266933 24.26364742  
202.90580000 -38.30995650 24.39163768  
202.90580000 -38.40444656 24.52170615  
202.90580000 -38.49609869 24.65379001  
202.90580000 -38.58487063 24.78782722  
202.90580000 -38.67070948 24.92376009  
202.90580000 -38.75356868 25.06152775  
202.90580000 -38.83345126 25.20104612  
202.90580000 -38.91034205 25.34223931  
202.90580000 -38.98405037 25.48511197  
202.90580000 -39.05445574 25.62963672  
202.90580000 -39.12210350 25.77548012  
202.90580000 -39.18774671 25.92224061  
202.90580000 -39.25204467 26.06959877  
202.90580000 -39.31539221 26.21737759  
202.90580000 -39.37687592 26.36592894  
202.90580000 -39.43536528 26.51574677  
202.90580000 -39.49081102 26.66673812  
202.90580000 -39.54353603 26.81875249  
202.90580000 -39.59357874 26.97167157  
202.90580000 -39.64092002 27.12546437  
202.90580000 -39.68560329 27.28005468  
202.90580000 -39.72768467 27.43534069  
202.90580000 -39.76719475 27.59129543  
202.90580000 -39.80413831 27.74785285  
202.90580000 -39.83853670 27.90498581  
202.90580000 -39.87040698 28.06264152  
202.90580000 -39.89976623 28.22078259  
202.90580000 -39.92662937 28.37936302  
202.90580000 -39.95101698 28.53834244  
202.90580000 -39.97295208 28.69768175  
202.90580000 -39.99246088 28.85733681  
202.90580000 -40.00957215 29.01727300  
202.90580000 -40.02431274 29.17744619  
202.90580000 -40.03671009 29.33782001  
202.90580000 -40.04679130 29.49835649  
202.90580000 -40.05458348 29.65901112  
202.90580000 -40.06011620 29.81975776  
202.90580000 -40.06341897 29.98056058  
202.90580000 -40.06452098 30.14139257  
202.90580000 -40.06345119 30.30222618  
202.90580000 -40.06023970 30.46303158  
202.90580000 -40.05491700 30.62377952  
202.90580000 -40.04751243 30.78444475  
202.90580000 -40.03805497 30.94499678  
202.90580000 -40.02657171 31.10541549  
202.90580000 -40.01308919 31.26567792  
202.90580000 -39.99763395 31.42576203  
202.90580000 -39.98023240 31.58564759  
202.90580000 -39.96091144 31.74531290  
202.90580000 -39.93969817 31.90473600  
202.90580000 -39.91661863 32.06389921  
202.90580000 -39.89169942 32.22277941  
202.90580000 -39.86496549 32.38136305  
202.90580000 -39.83644182 32.53963499  
202.90580000 -39.80615403 32.69757896  
202.90580000 -39.77412748 32.85518070  
202.90580000 -39.74038758 33.01242486  
202.90580000 -39.70495968 33.16929583  
202.90580000 -39.66786803 33.32578138  
202.90580000 -39.62913758 33.48186513  
202.90580000 -39.58879018 33.63753756  
202.90580000 -39.54684731 33.79278752  
202.90580000 -39.50333049 33.94760362  
202.90580000 -39.45826081 34.10197585  
202.90580000 -39.41165975 34.25589302  
202.90580000 -39.36354898 34.40934373  
202.90580000 -39.31394948 34.56231936  
202.90580000 -39.26288315 34.71480856  
202.90580000 -39.21036925 34.86680439  
202.90580000 -39.15642699 35.01829841  
202.90580000 -39.10107535 35.16928294  
202.90580000 -39.04433306 35.31975129  
202.90580000 -38.98621960 35.46969572  
202.90580000 -38.92675427 35.61910954  
202.90580000 -38.86595587 35.76798601  
202.90580000 -38.80384378 35.91631622  
202.90580000 -38.74043483 36.06409565  
202.90580000 -38.67574606 36.21131809  
202.90580000 -38.60979341 36.35797826  
202.90580000 -38.54259246 36.50407101  
202.90580000 -38.47415926 36.64959076  
202.90580000 -38.40450962 36.79453287  
202.90580000 -38.33365939 36.93889217  
202.90580000 -38.26162463 37.08266285  
202.90580000 -38.18842015 37.22584102  
202.90580000 -38.11406132 37.36842125  
202.90580000 -38.03856179 37.51040004  
202.90580000 -37.96193513 37.65177317  
202.90580000 -37.88419471 37.79253671  
202.90580000 -37.80535323 37.93268795  
202.90580000 -37.72542443 38.07222256  
202.90580000 -37.64442226 38.21113611  
202.90580000 -37.56235964 38.34942558  
202.90580000 -37.47925000 38.48708686  
202.90580000 -37.39510545 38.62411738  
202.90580000 -37.30993843 38.76051374  
202.90580000 -37.22376088 38.89627345  
202.90580000 -37.13658464 39.03139424  
202.90580000 -37.04842165 39.16587336  
202.90580000 -36.95928334 39.29970861  
202.90580000 -36.86918140 39.43289729  
202.90580000 -36.77812745 39.56543676  
202.90580000 -36.68613315 39.69732518  
202.90580000 -36.59321088 39.82855996  
202.90580000 -36.49937087 39.95913934  
202.90580000 -36.40462298 40.08906077  
202.90580000 -36.30897742 40.21832244  
202.90580000 -36.21244448 40.34692320  
202.90580000 -36.11503426 40.47486097  
202.90580000 -36.01675629 40.60213382  
202.90580000 -35.91762085 40.72874016  
202.90580000 -35.81763878 40.85467842  
202.90580000 -35.71681949 40.97994713  
202.90580000 -35.61517259 41.10454361  
202.90580000 -35.51270728 41.22846704  
202.90580000 -35.40943320 41.35171687  
202.90580000 -35.30535931 41.47429184  
202.90580000 -35.20049348 41.59619090  
202.90580000 -35.09484487 41.71741271  
202.90580000 -34.98842290 41.83795630  
202.90580000 -34.88123650 41.95782074  
202.90580000 -34.77329414 42.07700516  
202.90580000 -34.66460452 42.19550869  
202.90580000 -34.55517644 42.31333033  
202.90580000 -34.44501734 42.43046857  
202.90580000 -34.33413441 42.54692067  
202.90580000 -34.22253415 42.66268479  
202.90580000 -34.11022266 42.77775952  
202.90580000 -33.99720656 42.89214262  
202.90580000 -33.88349255 43.00583157  
202.90580000 -33.76908731 43.11882467  
202.90580000 -33.65399771 43.23112054  
202.90580000 -33.53822980 43.34271691  
202.90580000 -33.42178974 43.45361054  
202.90580000 -33.30468551 43.56380178  
202.90580000 -33.18692691 43.67329340  
202.90580000 -33.06852460 43.78208857  
202.90580000 -32.94948913 43.89019136  
202.90580000 -32.82983110 43.99760516  
202.90580000 -32.70956108 44.10433299  
202.90580000 -32.58868934 44.21037870  
202.90580000 -32.46722667 44.31574609  
202.90580000 -32.34518300 44.42043927  
202.90580000 -32.22256968 44.52446071  
202.90580000 -32.09939611 44.62781514  
202.90580000 -31.97567359 44.73050620  
202.90580000 -31.85141184 44.83253983  
202.90580000 -31.72662068 44.93392257  
202.90580000 -31.60131009 45.03466047  
202.90580000 -31.47548939 45.13475983  
202.90580000 -31.34916854 45.23422674  
202.90580000 -31.22235790 45.33306728  
202.90580000 -31.09506705 45.43128766  
202.90580000 -30.96730543 45.52889375  
202.90580000 -30.83908133 45.62589051  
202.90580000 -30.71040208 45.72228212  
202.90580000 -30.58127516 45.81807276  
202.90580000 -30.45170797 45.91326686  
202.90580000 -30.32170759 46.00786838  
202.90580000 -30.19128079 46.10188100  
202.90580000 -30.06043499 46.19530945  
202.90580000 -29.92917854 46.28815932  
202.90580000 -29.79752015 46.38043765  
202.90580000 -29.66546857 46.47215289  
202.90580000 -29.53303304 46.56331320  
202.90580000 -29.40022263 46.65392680  
202.90580000 -29.26704619 46.74400188  
202.90580000 -29.13351276 46.83354626  
202.90580000 -28.99963066 46.92256788  
202.90580000 -28.86540804 47.01107438  
202.90580000 -28.73085214 47.09907251  
202.90580000 -28.59596898 47.18656841  
202.90580000 -28.46076530 47.27356844  
202.90580000 -28.32524817 47.36007946  
202.90580000 -28.18942419 47.44610797  
202.90580000 -28.05329994 47.53165975  
202.90580000 -27.91688180 47.61674130  
202.90580000 -27.78017629 47.70135959  
202.90580000 -27.64318988 47.78552159  
202.90580000 -27.50592814 47.86923472  
202.90580000 -27.36839728 47.95250596  
202.90580000 -27.23060402 48.03534189  
202.90580000 -27.09255449 48.11774962  
202.90580000 -26.95425461 48.19973646  
202.90580000 -26.81571029 48.28130953  
202.90580000 -26.67692750 48.36247556  
202.90580000 -26.53791139 48.44324055  
202.90580000 -26.39866621 48.52360965  
202.90580000 -26.25919651 48.60358811  
202.90580000 -26.11950676 48.68318161  
202.90580000 -25.97960142 48.76239552  
202.90580000 -25.83948455 48.84123511  
202.90580000 -25.69916039 48.91970570  
202.90580000 -25.55863390 48.99781244  
202.90580000 -25.41790935 49.07556065  
202.90580000 -25.27699033 49.15295575  
202.90580000 -25.13588078 49.23000290  
202.90580000 -24.99458454 49.30670718  
202.90580000 -24.85310540 49.38307363  
202.90580000 -24.71144717 49.45910717  
202.90580000 -24.56961374 49.53481312  
202.90580000 -24.42760889 49.61019729  
202.90580000 -24.28543623 49.68526486  
202.90580000 -24.14309938 49.76002016  
202.90580000 -24.00060178 49.83446798  
202.90580000 -23.85794686 49.90861368  
202.90580000 -23.71513790 49.98246192  
202.90580000 -23.57217761 50.05601670  
202.90580000 -23.42906904 50.12928242  
202.90580000 -23.28581538 50.20226426  
202.90580000 -23.14241974 50.27496703  
202.90580000 -22.99888509 50.34739505  
202.90580000 -22.85521427 50.41955269  
202.90580000 -22.71141044 50.49144421  
202.90580000 -22.56747643 50.56307372  
202.90580000 -22.42341444 50.63444525  
202.90580000 -22.27922679 50.70556223  
202.90580000 -22.13491516 50.77642773  
202.90580000 -21.99048165 50.84704524  
202.90580000 -21.84592912 50.91741881  
202.90580000 -21.70125986 50.98755209  
202.90580000 -21.55647599 51.05744788  
202.90580000 -21.41157977 51.12710951  
202.90580000 -21.26657308 51.19654132  
202.90580000 -21.12145799 51.26574698  
202.90580000 -20.97623684 51.33472922  
202.90580000 -20.83091174 51.40349116  
202.90580000 -20.68548435 51.47203662  
202.90580000 -20.53995671 51.54036924  
202.90580000 -20.39433086 51.60849250  
202.90580000 -20.24860867 51.67640980  
202.90580000 -20.10279217 51.74412416  
202.90580000 -19.95688332 51.81163889  
202.90580000 -19.81088400 51.87895777  
202.90580000 -19.66479607 51.94608410  
202.90580000 -19.51862111 52.01302054  
202.90580000 -19.37236062 52.07976955  
202.90580000 -19.22601571 52.14633345  
202.90580000 -19.07958763 52.21271454  
202.90580000 -18.93307800 52.27891502  
202.90580000 -18.78648829 52.34493714  
202.90580000 -18.63981942 52.41078338  
202.90580000 -18.49307258 52.47645601  
202.90580000 -18.34624904 52.54195712  
202.90580000 -18.19934998 52.60728906  
202.90580000 -18.05237708 52.67245427  
202.90580000 -17.90533183 52.73745507  
202.90580000 -17.75821488 52.80229377  
202.90580000 -17.61102734 52.86697272  
202.90580000 -17.46377096 52.93149442  
202.90580000 -17.31644719 52.99586116  
202.90580000 -17.16905652 53.06007501  
202.90580000 -17.02159989 53.12413822  
202.90580000 -16.87407914 53.18805346  
202.90580000 -16.72649568 53.25182325  
202.90580000 -16.57885044 53.31544969  
202.90580000 -16.43114460 53.37893490  
202.90580000 -16.28337913 53.44228152  
202.90580000 -16.13555498 53.50549183  
202.90580000 -15.98767339 53.56856732  
202.90580000 -15.83973540 53.63150966  
202.90580000 -15.69174175 53.69432086  
202.90580000 -15.54369343 53.75700274  
202.90580000 -15.39559109 53.81955703  
202.90580000 -15.24743544 53.88198542  
202.90580000 -15.09922745 53.94428949  
202.90580000 -14.95096795 54.00647087  
202.90580000 -14.80265774 54.06853116  
202.90580000 -14.65429775 54.13047222  
202.90580000 -14.50588897 54.19229638  
202.90580000 -14.35743218 54.25400552  
202.90580000 -14.20892805 54.31560035  
202.90580000 -14.06037736 54.37708186  
202.90580000 -13.91178062 54.43845202  
202.90580000 -13.76313856 54.49971247  
202.90580000 -13.61445179 54.56086431  
202.90580000 -13.46572086 54.62190868  
202.90580000 -13.31694641 54.68284697  
202.90580000 -13.16812905 54.74368064  
202.90580000 -13.01926952 54.80441112  
202.90580000 -12.87036831 54.86503975  
202.90580000 -12.72142603 54.92556734  
202.90580000 -12.57244333 54.98599509  
202.90580000 -12.42342109 55.04632488  
202.90580000 -12.27436043 55.10655833  
202.90580000 -12.12526125 55.16669680  
202.90580000 -11.97612367 55.22674154  
202.90580000 -11.82694879 55.28669351  
202.90580000 -11.67773724 55.34655391  
202.90580000 -11.52848967 55.40632413  
202.90580000 -11.37920707 55.46600551  
202.90580000 -11.22988958 55.52559990  
202.90580000 -11.08053750 55.58510889  
202.90580000 -10.93115182 55.64453338  
202.90580000 -10.78173323 55.70387445  
202.90580000 -10.63228209 55.76313354  
202.90580000 -10.48279896 55.82231207  
202.90580000 -10.33328452 55.88141137  
202.90580000 -10.18373942 55.94043258  
202.90580000 -10.03416384 55.99937655  
202.90580000 -9.88455803 56.05824404  
202.90580000 -9.73492245 56.11703580  
202.90580000 -9.58525747 56.17575259  
202.90580000 -9.43556338 56.23439509  
202.90580000 -9.28584055 56.29296405  
202.90580000 -9.13608933 56.35146042  
202.90580000 -8.98631010 56.40988509  
202.90580000 -8.83650321 56.46823873  
202.90580000 -8.68666907 56.52652205  
202.90580000 -8.53680794 56.58473597  
202.90580000 -8.38692020 56.64288139  
202.90580000 -8.23700623 56.70095915  
202.90580000 -8.08706635 56.75897013  
202.90580000 -7.93710100 56.81691518  
202.90580000 -7.78711064 56.87479515  
202.90580000 -7.63709558 56.93261106  
202.90580000 -7.48705630 56.99036390  
202.90580000 -7.33699318 57.04805483  
202.90580000 -7.18690656 57.10568500  
202.90580000 -7.03679700 57.16325541  
202.90580000 -6.88666485 57.22076703  
202.90580000 -6.73651048 57.27822062  
202.90580000 -6.58633428 57.33561704  
202.90580000 -6.43613670 57.39295751  
202.90580000 -6.28591815 57.45024323  
202.90580000 -6.13567904 57.50747499  
202.90580000 -5.98541974 57.56465360  
202.90580000 -5.83514055 57.62177993  
202.90580000 -5.68484167 57.67885454  
202.90580000 -5.53452300 57.73587695  
202.90580000 -5.38418449 57.79284668  
202.90580000 -5.23382610 57.84976397  
202.90580000 -5.08344780 57.90662893  
202.90580000 -4.93304951 57.96344095  
202.90580000 -4.78263127 58.02019952  
202.90580000 -4.63219299 58.07690496  
202.90580000 -4.48173468 58.13355757  
202.90580000 -4.33125639 58.19015705  
202.90580000 -4.18075799 58.24670302  
202.90580000 -4.03023937 58.30319506  
202.90580000 -3.87970062 58.35963274  
202.90580000 -3.72914150 58.41601611  
202.90580000 -3.57856206 58.47234558  
202.90580000 -3.42796296 58.52862249  
202.90580000 -3.27734504 58.58484895  
202.90580000 -3.12670971 58.64102868  
202.90580000 -2.97605869 58.69716578  
202.90580000 -2.82539348 58.75326487  
202.90580000 -2.67471552 58.80933038  
202.90580000 -2.52402638 58.86536570  
202.90580000 -2.37332747 58.92137454  
202.90580000 -2.22262041 58.97736202  
202.90580000 -2.07190675 59.03333242  
202.90580000 -1.92118766 59.08928621  
202.90580000 -1.77046461 59.14522687  
202.90580000 -1.61974024 59.20117135  
202.90580000 -1.46901443 59.25712036  
202.90580000 -1.31827555 59.31300689  
202.90580000 -1.16751308 59.36879696  
202.90580000 -1.01672908 59.42462973  
202.90580000 -0.86592519 59.48053221  
202.90580000 -0.71509100 59.53597933  
202.90580000 -0.56422425 59.59087263  
202.90580000 -0.41336930 59.64716181  
202.90580000 -0.26213681 59.70316365  
202.90580000 -0.10692539 59.74234489  
202.90580000 0.05310252 59.74836772  
202.90580000 0.21158921 59.71953150  
202.90580000 0.35991084 59.65768701  
202.90580000 0.49172909 59.56630942  
202.90580000 0.60126507 59.44926728  
202.90580000 0.68274005 59.31042900  
215.04160000 -36.38554300 21.55710700  
215.04160000 -36.55147290 21.53137172  
215.04160000 -36.71849864 21.51413313  
215.04160000 -36.88618567 21.50541281  
215.04160000 -37.05409876 21.50523239  
215.04160000 -37.22180367 21.51360409  
215.04160000 -37.38886563 21.53050123  
215.04160000 -37.55485047 21.55588104  
215.04160000 -37.71932737 21.58967594  
215.04160000 -37.88186859 21.63180304  
215.04160000 -38.04205993 21.68214255  
215.04160000 -38.19948743 21.74056511  
215.04160000 -38.35372091 21.80694153  
215.04160000 -38.50434930 21.88111331  
215.04160000 -38.65106673 21.96279500  
215.04160000 -38.79352650 22.05174010  
215.04160000 -38.93106812 22.14802538  
215.04160000 -39.06327656 22.25145434  
215.04160000 -39.19123606 22.36019271  
215.04160000 -39.31626590 22.47226511  
215.04160000 -39.43873609 22.58708293  
215.04160000 -39.55873577 22.70449520  
215.04160000 -39.67620463 22.82444967  
215.04160000 -39.79104797 22.94691684  
215.04160000 -39.90321371 23.07183898  
215.04160000 -40.01265979 23.19915070  
215.04160000 -40.11933499 23.32879317  
215.04160000 -40.22318667 23.46070843  
215.04160000 -40.32416889 23.59483353  
215.04160000 -40.42223606 23.73110483  
215.04160000 -40.51733379 23.86946305  
215.04160000 -40.60941297 24.00984655  
215.04160000 -40.69846447 24.15217466  
215.04160000 -40.78446415 24.29637306  
215.04160000 -40.86724701 24.44242946  
215.04160000 -40.94687878 24.59023413  
215.04160000 -41.02479584 24.73896729  
215.04160000 -41.10247738 24.88783376  
215.04160000 -41.17920365 25.03718661  
215.04160000 -41.25364616 25.18766023  
215.04160000 -41.32514736 25.33955088  
215.04160000 -41.39335721 25.49301642  
215.04160000 -41.45832672 25.64789364  
215.04160000 -41.52029997 25.80408851  
215.04160000 -41.57937816 25.96141034  
215.04160000 -41.63568150 26.11978927  
215.04160000 -41.68933666 26.27909152  
215.04160000 -41.74045897 26.43917529  
215.04160000 -41.78908326 26.60002803  
215.04160000 -41.83517915 26.76156727  
215.04160000 -41.87873978 26.92380110  
215.04160000 -41.91973717 27.08666936  
215.04160000 -41.95815366 27.25016088  
215.04160000 -41.99396663 27.41423957  
215.04160000 -42.02716930 27.57886592  
215.04160000 -42.05776732 27.74401355  
215.04160000 -42.08578487 27.90962141  
215.04160000 -42.11126001 28.07565806  
215.04160000 -42.13422184 28.24206390  
215.04160000 -42.15470144 28.40880082  
215.04160000 -42.17272978 28.57582189  
215.04160000 -42.18833740 28.74307394  
215.04160000 -42.20155295 28.91052974  
215.04160000 -42.21240163 29.07814482  
215.04160000 -42.22090888 29.24589308  
215.04160000 -42.22709914 29.41374044  
215.04160000 -42.23099737 29.58165624  
215.04160000 -42.23262859 29.74960790  
215.04160000 -42.23201780 29.91756610  
215.04160000 -42.22919005 30.08549792  
215.04160000 -42.22417056 30.25337778  
215.04160000 -42.21698466 30.42117958  
215.04160000 -42.20765793 30.58887620  
215.04160000 -42.19621583 30.75644388  
215.04160000 -42.18268351 30.92385621  
215.04160000 -42.16708614 31.09108605  
215.04160000 -42.14944880 31.25811245  
215.04160000 -42.12979764 31.42490820  
215.04160000 -42.10815924 31.59145649  
215.04160000 -42.08456089 31.75773828  
215.04160000 -42.05902909 31.92373418  
215.04160000 -42.03158970 32.08942715  
215.04160000 -42.00226988 32.25479820  
215.04160000 -41.97109712 32.41982812  
215.04160000 -41.93809634 32.58450176  
215.04160000 -41.90329197 32.74880022  
215.04160000 -41.86670432 32.91270986  
215.04160000 -41.82835266 33.07621532  
215.04160000 -41.78825684 33.23930173  
215.04160000 -41.74643701 33.40195462  
215.04160000 -41.70291323 33.56415989  
215.04160000 -41.65770588 33.72590235  
215.04160000 -41.61083437 33.88716994  
215.04160000 -41.56231909 34.04794757  
215.04160000 -41.51218045 34.20822547  
215.04160000 -41.46043943 34.36799423  
215.04160000 -41.40711708 34.52724249  
215.04160000 -41.35223360 34.68596085  
215.04160000 -41.29581009 34.84413874  
215.04160000 -41.23786781 35.00176554  
215.04160000 -41.17842641 35.15883282  
215.04160000 -41.11750591 35.31532949  
215.04160000 -41.05512305 35.47124803  
215.04160000 -40.99129418 35.62657947  
215.04160000 -40.92603589 35.78131556  
215.04160000 -40.85936482 35.93544839  
215.04160000 -40.79129711 36.08896962  
215.04160000 -40.72184845 36.24187117  
215.04160000 -40.65103500 36.39414548  
215.04160000 -40.57887377 36.54578368  
215.04160000 -40.50537962 36.69677961  
215.04160000 -40.43056741 36.84712616  
215.04160000 -40.35445220 36.99681700  
215.04160000 -40.27704882 37.14584669  
215.04160000 -40.19837211 37.29420843  
215.04160000 -40.11843636 37.44189594  
215.04160000 -40.03725645 37.58890338  
215.04160000 -39.95484793 37.73522443  
215.04160000 -39.87122447 37.88085404  
215.04160000 -39.78639974 38.02578582  
215.04160000 -39.70038617 38.17001463  
215.04160000 -39.61319588 38.31353539  
215.04160000 -39.52484159 38.45634261  
215.04160000 -39.43533612 38.59843100  
215.04160000 -39.34469175 38.73979549  
215.04160000 -39.25292050 38.88043115  
215.04160000 -39.16003449 39.02033310  
215.04160000 -39.06604659 39.15949556  
215.04160000 -38.97096858 39.29791479  
215.04160000 -38.87481256 39.43558679  
215.04160000 -38.77759018 39.57250757  
215.04160000 -38.67931237 39.70867378  
215.04160000 -38.57999108 39.84408124  
215.04160000 -38.47963812 39.97872628  
215.04160000 -38.37826512 40.11260521  
215.04160000 -38.27588377 40.24571411  
215.04160000 -38.17250508 40.37804967  
215.04160000 -38.06814036 40.50960787  
215.04160000 -37.96279947 40.64038514  
215.04160000 -37.85649157 40.77037776  
215.04160000 -37.74922630 40.89958166  
215.04160000 -37.64101340 41.02799281  
215.04160000 -37.53186249 41.15560754  
215.04160000 -37.42178347 41.28242206  
215.04160000 -37.31078563 41.40843284  
215.04160000 -37.19887844 41.53363596  
215.04160000 -37.08607127 41.65802837  
215.04160000 -36.97237419 41.78160683  
215.04160000 -36.85779654 41.90436866  
215.04160000 -36.74234733 42.02631152  
215.04160000 -36.62603634 42.14743287  
215.04160000 -36.50887273 42.26773125  
215.04160000 -36.39086621 42.38720386  
215.04160000 -36.27202562 42.50584833  
215.04160000 -36.15236060 42.62366215  
215.04160000 -36.03188048 42.74064359  
215.04160000 -35.91059429 42.85678989  
215.04160000 -35.78851098 42.97209751  
215.04160000 -35.66563905 43.08656411  
215.04160000 -35.54198753 43.20018740  
215.04160000 -35.41756428 43.31296460  
215.04160000 -35.29237781 43.42489135  
215.04160000 -35.16643612 43.53596587  
215.04160000 -35.03974960 43.64618559  
215.04160000 -34.91232470 43.75554761  
215.04160000 -34.78416920 43.86404585  
215.04160000 -34.65529560 43.97168550  
215.04160000 -34.52572302 44.07847888  
215.04160000 -34.39547478 44.18444445  
215.04160000 -34.26457603 44.28960639  
215.04160000 -34.13305212 44.39398613  
215.04160000 -34.00092630 44.49760469  
215.04160000 -33.86822322 44.60048430  
215.04160000 -33.73496968 44.70264712  
215.04160000 -33.60118637 44.80411306  
215.04160000 -33.46689250 44.90489647  
215.04160000 -33.33209741 45.00500392  
215.04160000 -33.19680434 45.10443398  
215.04160000 -33.06101797 45.20318672  
215.04160000 -32.92474422 45.30126383  
215.04160000 -32.78798850 45.39866614  
215.04160000 -32.65075468 45.49539495  
215.04160000 -32.51305252 45.59145700  
215.04160000 -32.37489554 45.68686490  
215.04160000 -32.23629755 45.78163197  
215.04160000 -32.09727196 45.87577229  
215.04160000 -31.95783230 45.96929965  
215.04160000 -31.81799271 46.06222716  
215.04160000 -31.67776550 46.15456802  
215.04160000 -31.53716309 46.24633431  
215.04160000 -31.39619598 46.33753735  
215.04160000 -31.25487287 46.42818780  
215.04160000 -31.11320325 46.51829577  
215.04160000 -30.97119652 46.60787151  
215.04160000 -30.82886207 46.69692558  
215.04160000 -30.68620937 46.78546877  
215.04160000 -30.54324700 46.87351095  
215.04160000 -30.39998298 46.96106081  
215.04160000 -30.25642440 47.04812625  
215.04160000 -30.11257751 47.13471441  
215.04160000 -29.96844881 47.22083258  
215.04160000 -29.82404471 47.30648842  
215.04160000 -29.67937173 47.39168964  
215.04160000 -29.53443668 47.47644381  
215.04160000 -29.38924578 47.56075845  
215.04160000 -29.24380509 47.64464070  
215.04160000 -29.09812053 47.72809793  
215.04160000 -28.95219746 47.81113794  
215.04160000 -28.80604161 47.89376810  
215.04160000 -28.65965888 47.97599548  
215.04160000 -28.51305498 48.05782769  
215.04160000 -28.36623566 48.13927287  
215.04160000 -28.21920626 48.22033826  
215.04160000 -28.07197203 48.30103000  
215.04160000 -27.92453747 48.38135388  
215.04160000 -27.77690585 48.46131561  
215.04160000 -27.62908100 48.54092029  
215.04160000 -27.48106706 48.62017253  
215.04160000 -27.33286777 48.69907727  
215.04160000 -27.18448681 48.77763959  
215.04160000 -27.03592796 48.85586470  
215.04160000 -26.88719502 48.93375799  
215.04160000 -26.73829159 49.01132449  
215.04160000 -26.58922096 49.08856887  
215.04160000 -26.43998671 49.16549632  
215.04160000 -26.29059258 49.24211269  
215.04160000 -26.14104208 49.31842324  
215.04160000 -25.99133795 49.39443278  
215.04160000 -25.84148345 49.47014647  
215.04160000 -25.69148273 49.54556984  
215.04160000 -25.54133926 49.62070826  
215.04160000 -25.39105628 49.69556655  
215.04160000 -25.24063681 49.77014917  
215.04160000 -25.09008297 49.84446044  
215.04160000 -24.93939705 49.91850388  
215.04160000 -24.78858127 49.99228209  
215.04160000 -24.63763774 50.06579805  
215.04160000 -24.48656833 50.13905530  
215.04160000 -24.33537516 50.21205723  
215.04160000 -24.18406062 50.28480705  
215.04160000 -24.03262679 50.35730793  
215.04160000 -23.88107556 50.42956285  
215.04160000 -23.72940896 50.50157496  
215.04160000 -23.57762912 50.57334768  
215.04160000 -23.42573820 50.64488444  
215.04160000 -23.27373784 50.71618887  
215.04160000 -23.12163003 50.78726459  
215.04160000 -22.96941727 50.85811515  
215.04160000 -22.81710159 50.92874393  
215.04160000 -22.66468468 50.99915392  
215.04160000 -22.51216848 51.06934842  
215.04160000 -22.35955506 51.13933133  
215.04160000 -22.20684638 51.20910618  
215.04160000 -22.05404421 51.27867591  
215.04160000 -21.90115010 51.34804318  
215.04160000 -21.74816537 51.41721034  
215.04160000 -21.59509133 51.48617955  
215.04160000 -21.44192917 51.55495286  
215.04160000 -21.28868013 51.62353239  
215.04160000 -21.13534568 51.69192031  
215.04160000 -20.98192716 51.76011869  
215.04160000 -20.82842531 51.82812957  
215.04160000 -20.67484123 51.89595510  
215.04160000 -20.52117646 51.96359756  
215.04160000 -20.36743230 52.03105924  
215.04160000 -20.21360997 52.09834221  
215.04160000 -20.05971072 52.16544850  
215.04160000 -19.90573540 52.23238029  
215.04160000 -19.75168504 52.29913965  
215.04160000 -19.59756098 52.36572846  
215.04160000 -19.44336445 52.43214875  
215.04160000 -19.28909633 52.49840292  
215.04160000 -19.13475763 52.56449315  
215.04160000 -18.98034972 52.63042127  
215.04160000 -18.82587379 52.69618931  
215.04160000 -18.67133074 52.76179966  
215.04160000 -18.51672160 52.82725453  
215.04160000 -18.36204757 52.89255569  
215.04160000 -18.20730972 52.95770490  
215.04160000 -18.05250880 53.02270400  
215.04160000 -17.89764575 53.08755461  
215.04160000 -17.74272120 53.15225828  
215.04160000 -17.58773590 53.21681663  
215.04160000 -17.43269083 53.28123148  
215.04160000 -17.27758679 53.34550460  
215.04160000 -17.12242482 53.40963743  
215.04160000 -16.96720595 53.47363162  
215.04160000 -16.81193083 53.53748934  
215.04160000 -16.65660023 53.60121233  
215.04160000 -16.50121485 53.66480162  
215.04160000 -16.34577540 53.72825862  
215.04160000 -16.19028292 53.79158536  
215.04160000 -16.03473830 53.85478329  
215.04160000 -15.87914147 53.91785298  
215.04160000 -15.72349260 53.98079518  
215.04160000 -15.56779286 54.04361105  
215.04160000 -15.41204318 54.10630186  
215.04160000 -15.25624381 54.16886913  
215.04160000 -15.10039535 54.23131412  
215.04160000 -14.94449831 54.29363792  
215.04160000 -14.78855308 54.35584163  
215.04160000 -14.63256038 54.41792611  
215.04160000 -14.47652083 54.47989240  
215.04160000 -14.32043499 54.54174181  
215.04160000 -14.16430359 54.60347562  
215.04160000 -14.00812702 54.66509511  
215.04160000 -13.85190579 54.72660147  
215.04160000 -13.69564053 54.78799571  
215.04160000 -13.53933191 54.84927898  
215.04160000 -13.38298037 54.91045279  
215.04160000 -13.22658638 54.97151851  
215.04160000 -13.07015064 55.03247710  
215.04160000 -12.91367374 55.09332965  
215.04160000 -12.75715617 55.15407770  
215.04160000 -12.60059837 55.21472265  
215.04160000 -12.44400097 55.27526544  
215.04160000 -12.28736426 55.33570721  
215.04160000 -12.13068917 55.39604912  
215.04160000 -11.97397656 55.45629224  
215.04160000 -11.81722650 55.51643774  
215.04160000 -11.66043955 55.57648642  
215.04160000 -11.50361570 55.63643898  
215.04160000 -11.34675492 55.69629618  
215.04160000 -11.18985812 55.75605861  
215.04160000 -11.03292601 55.81572687  
215.04160000 -10.87595835 55.87530169  
215.04160000 -10.71895534 55.93478382  
215.04160000 -10.56191764 55.99417425  
215.04160000 -10.40484578 56.05347387  
215.04160000 -10.24773979 56.11268318  
215.04160000 -10.09059970 56.17180275  
215.04160000 -9.93342622 56.23083336  
215.04160000 -9.77621984 56.28977582  
215.04160000 -9.61898074 56.34863086  
215.04160000 -9.46170931 56.40739916  
215.04160000 -9.30440584 56.46608161  
215.04160000 -9.14707079 56.52467910  
215.04160000 -8.98970452 56.58319271  
215.04160000 -8.83230742 56.64162344  
215.04160000 -8.67487985 56.69997205  
215.04160000 -8.51742212 56.75823941  
215.04160000 -8.35993473 56.81642660  
215.04160000 -8.20241800 56.87453468  
215.04160000 -8.04487234 56.93256424  
215.04160000 -7.88729809 56.99051598  
215.04160000 -7.72969561 57.04839091  
215.04160000 -7.57206531 57.10619012  
215.04160000 -7.41440765 57.16391472  
215.04160000 -7.25672288 57.22156569  
215.04160000 -7.09901135 57.27914335  
215.04160000 -6.94127336 57.33664789  
215.04160000 -6.78350880 57.39407958  
215.04160000 -6.62571759 57.45143850  
215.04160000 -6.46789980 57.50872420  
215.04160000 -6.31005536 57.56593621  
215.04160000 -6.15218409 57.62307408  
215.04160000 -5.99428607 57.68013743  
215.04160000 -5.83636119 57.73712641  
215.04160000 -5.67840944 57.79404108  
215.04160000 -5.52043084 57.85088120  
215.04160000 -5.36242533 57.90764642  
215.04160000 -5.20439281 57.96433634  
215.04160000 -5.04633327 58.02095054  
215.04160000 -4.88824660 58.07748889  
215.04160000 -4.73013290 58.13395115  
215.04160000 -4.57199190 58.19033686  
215.04160000 -4.41382378 58.24664622  
215.04160000 -4.25562941 58.30288180  
215.04160000 -4.09740990 58.35904667  
215.04160000 -3.93916650 58.41514419  
215.04160000 -3.78090041 58.47117778  
215.04160000 -3.62261293 58.52715090  
215.04160000 -3.46430535 58.58306703  
215.04160000 -3.30597891 58.63892977  
215.04160000 -3.14763474 58.69474276  
215.04160000 -2.98927428 58.75050958  
215.04160000 -2.83089870 58.80623372  
215.04160000 -2.67250915 58.86191803  
215.04160000 -2.51410681 58.91756582  
215.04160000 -2.35569328 58.97318212  
215.04160000 -2.19726992 59.02877075  
215.04160000 -2.03883678 59.08433006  
215.04160000 -1.88039507 59.13986266  
215.04160000 -1.72194986 59.19539051  
215.04160000 -1.56350015 59.25091152  
215.04160000 -1.40501921 59.30632396  
215.04160000 -1.24649220 59.36158128  
215.04160000 -1.08796718 59.41691530  
215.04160000 -0.92945450 59.47237143  
215.04160000 -0.77077461 59.52708499  
215.04160000 -0.61189344 59.58089356  
215.04160000 -0.45348090 59.63700976  
215.04160000 -0.29544408 59.69500090  
215.04160000 -0.13356418 59.73801947  
215.04160000 0.03346373 59.74872257  
215.04160000 0.19935087 59.72302390  
215.04160000 0.35490050 59.66058148  
215.04160000 0.49288552 59.56530233  
215.04160000 0.60654633 59.44212516  
215.04160000 0.68912292 59.29598900  
227.17740000 -38.25484800 20.64558500  
227.17740000 -38.42784005 20.61889573  
227.17740000 -38.60198677 20.60125774  
227.17740000 -38.77681531 20.59269224  
227.17740000 -38.95185238 20.59322046  
227.17740000 -39.12662531 20.60285353  
227.17740000 -39.30066141 20.62156076  
227.17740000 -39.47348887 20.64929356  
227.17740000 -39.64464018 20.68597358  
227.17740000 -39.81365136 20.73150623  
227.17740000 -39.98006992 20.78576072  
227.17740000 -40.14344586 20.84859276  
227.17740000 -40.30332463 20.91984086  
227.17740000 -40.45926520 20.99932160  
227.17740000 -40.61089609 21.08677881  
227.17740000 -40.75782296 21.18196454  
227.17740000 -40.89947180 21.28475869  
227.17740000 -41.03559629 21.39471425  
227.17740000 -41.16758992 21.50969501  
227.17740000 -41.29703111 21.62751644  
227.17740000 -41.42409176 21.74784629  
227.17740000 -41.54858456 21.87084686  
227.17740000 -41.67045974 21.99645894  
227.17740000 -41.78969941 22.12457043  
227.17740000 -41.90625107 22.25512690  
227.17740000 -42.02005456 22.38808751  
227.17740000 -42.13106077 22.52339380  
227.17740000 -42.23922397 22.66098285  
227.17740000 -42.34449780 22.80079482  
227.17740000 -42.44683558 22.94277010  
227.17740000 -42.54619106 23.08684745  
227.17740000 -42.64252007 23.23296444  
227.17740000 -42.73578883 23.38105631  
227.17740000 -42.82596094 23.53105849  
227.17740000 -42.91296843 23.68290910  
227.17740000 -42.99698312 23.83644592  
227.17740000 -43.07940257 23.99085982  
227.17740000 -43.16161715 24.14538880  
227.17740000 -43.24280869 24.30044894  
227.17740000 -43.32156886 24.45672991  
227.17740000 -43.39728668 24.61450663  
227.17740000 -43.46969139 24.77390286  
227.17740000 -43.53884107 24.93474922  
227.17740000 -43.60496770 25.09695700  
227.17740000 -43.66816996 25.26033606  
227.17740000 -43.72856872 25.42481252  
227.17740000 -43.78628893 25.59025422  
227.17740000 -43.84144233 25.75652079  
227.17740000 -43.89405951 25.92360007  
227.17740000 -43.94410464 26.09141052  
227.17740000 -43.99156716 26.25996206  
227.17740000 -44.03641432 26.42919523  
227.17740000 -44.07862519 26.59910029  
227.17740000 -44.11817332 26.76964157  
227.17740000 -44.15504736 26.94078043  
227.17740000 -44.18924877 27.11249099  
227.17740000 -44.22080022 27.28471115  
227.17740000 -44.24973992 27.45740909  
227.17740000 -44.27609533 27.63052341  
227.17740000 -44.29989601 27.80401515  
227.17740000 -44.32117169 27.97783598  
227.17740000 -44.33995172 28.15193270  
227.17740000 -44.35626281 28.32627603  
227.17740000 -44.37012740 28.50081960  
227.17740000 -44.38156735 28.67553675  
227.17740000 -44.39060284 28.85039143  
227.17740000 -44.39725557 29.02535237  
227.17740000 -44.40154747 29.20038503  
227.17740000 -44.40349990 29.37545898  
227.17740000 -44.40313432 29.55054008  
227.17740000 -44.40047501 29.72560071  
227.17740000 -44.39554713 29.90061385  
227.17740000 -44.38837524 30.07554975  
227.17740000 -44.37898355 30.25038268  
227.17740000 -44.36739717 30.42508438  
227.17740000 -44.35364151 30.59962661  
227.17740000 -44.33774041 30.77398601  
227.17740000 -44.31971780 30.94813390  
227.17740000 -44.29959710 31.12205071  
227.17740000 -44.27740200 31.29571422  
227.17740000 -44.25315534 31.46910303  
227.17740000 -44.22687959 31.64219654  
227.17740000 -44.19859795 31.81497381  
227.17740000 -44.16833409 31.98741257  
227.17740000 -44.13611037 32.15949525  
227.17740000 -44.10194954 32.33120069  
227.17740000 -44.06587304 32.50251303  
227.17740000 -44.02790220 32.67341624  
227.17740000 -43.98805907 32.84389292  
227.17740000 -43.94636544 33.01392764  
227.17740000 -43.90284306 33.18350383  
227.17740000 -43.85751387 33.35260373  
227.17740000 -43.81039816 33.52121392  
227.17740000 -43.76151666 33.68931780  
227.17740000 -43.71088773 33.85690281  
227.17740000 -43.65852922 34.02395604  
227.17740000 -43.60445985 34.19046357  
227.17740000 -43.54869826 34.35641263  
227.17740000 -43.49126302 34.52179009  
227.17740000 -43.43217301 34.68658166  
227.17740000 -43.37144553 34.85077625  
227.17740000 -43.30909832 35.01436108  
227.17740000 -43.24514822 35.17732545  
227.17740000 -43.17961204 35.33965857  
227.17740000 -43.11250661 35.50134935  
227.17740000 -43.04384837 35.66238754  
227.17740000 -42.97365394 35.82276233  
227.17740000 -42.90194004 35.98246273  
227.17740000 -42.82872244 36.14147909  
227.17740000 -42.75401749 36.29980003  
227.17740000 -42.67783991 36.45741691  
227.17740000 -42.60020412 36.61432111  
227.17740000 -42.52112478 36.77050291  
227.17740000 -42.44061624 36.92595289  
227.17740000 -42.35869303 37.08066204  
227.17740000 -42.27536961 37.23462175  
227.17740000 -42.19066009 37.38782326  
227.17740000 -42.10457906 37.54025642  
227.17740000 -42.01713950 37.69191359  
227.17740000 -41.92835433 37.84278688  
227.17740000 -41.83823665 37.99286805  
227.17740000 -41.74679911 38.14214954  
227.17740000 -41.65405482 38.29062307  
227.17740000 -41.56001697 38.43828021  
227.17740000 -41.46469811 38.58511346  
227.17740000 -41.36811106 38.73111477  
227.17740000 -41.27026815 38.87627707  
227.17740000 -41.17118216 39.02059264  
227.17740000 -41.07086530 39.16405483  
227.17740000 -40.96932927 39.30665772  
227.17740000 -40.86658655 39.44839412  
227.17740000 -40.76264923 39.58925732  
227.17740000 -40.65752969 39.72924072  
227.17740000 -40.55124023 39.86833810  
227.17740000 -40.44379252 40.00654282  
227.17740000 -40.33519799 40.14384783  
227.17740000 -40.22546742 40.28024642  
227.17740000 -40.11461160 40.41573148  
227.17740000 -40.00264066 40.55029610  
227.17740000 -39.88956463 40.68393310  
227.17740000 -39.77539386 40.81663590  
227.17740000 -39.66013919 40.94839787  
227.17740000 -39.54381044 41.07921224  
227.17740000 -39.42641785 41.20907108  
227.17740000 -39.30797204 41.33796906  
227.17740000 -39.18848477 41.46590151  
227.17740000 -39.06796718 41.59286339  
227.17740000 -38.94642879 41.71885066  
227.17740000 -38.82388131 41.84385793  
227.17740000 -38.70033575 41.96788117  
227.17740000 -38.57580372 42.09091521  
227.17740000 -38.45029522 42.21295610  
227.17740000 -38.32382164 42.33399848  
227.17740000 -38.19639348 42.45403758  
227.17740000 -38.06802000 42.57306649  
227.17740000 -37.93870992 42.69107634  
227.17740000 -37.80847056 42.80805926  
227.17740000 -37.67731113 42.92400557  
227.17740000 -37.54523910 43.03890865  
227.17740000 -37.41226560 43.15275945  
227.17740000 -37.27839552 43.26554938  
227.17740000 -37.14363654 43.37726511  
227.17740000 -37.00800226 43.48790938  
227.17740000 -36.87151552 43.59749528  
227.17740000 -36.73421232 43.70605317  
227.17740000 -36.59613605 43.81362855  
227.17740000 -36.45732945 43.92026156  
227.17740000 -36.31783104 44.02599101  
227.17740000 -36.17768206 44.13085891  
227.17740000 -36.03692732 44.23490784  
227.17740000 -35.89559733 44.33817060  
227.17740000 -35.75371673 44.44066662  
227.17740000 -35.61129737 44.54240588  
227.17740000 -35.46834397 44.64338854  
227.17740000 -35.32486212 44.74361518  
227.17740000 -35.18085748 44.84308799  
227.17740000 -35.03634027 44.94181369  
227.17740000 -34.89132238 45.03980481  
227.17740000 -34.74582206 45.13708014  
227.17740000 -34.59986068 45.23366516  
227.17740000 -34.45345894 45.32958372  
227.17740000 -34.30663683 45.42485811  
227.17740000 -34.15941313 45.51951120  
227.17740000 -34.01180725 45.61356476  
227.17740000 -33.86383179 45.70703359  
227.17740000 -33.71549431 45.79992571  
227.17740000 -33.56680340 45.89225009  
227.17740000 -33.41776822 45.98401712  
227.17740000 -33.26839747 46.07523638  
227.17740000 -33.11869949 46.16591675  
227.17740000 -32.96868285 46.25606817  
227.17740000 -32.81835607 46.34570188  
227.17740000 -32.66772838 46.43482934  
227.17740000 -32.51680905 46.52346259  
227.17740000 -32.36560714 46.61161344  
227.17740000 -32.21413141 46.69929355  
227.17740000 -32.06239089 46.78651522  
227.17740000 -31.91039535 46.87329084  
227.17740000 -31.75815238 46.95963076  
227.17740000 -31.60566801 47.04554279  
227.17740000 -31.45294762 47.13103375  
227.17740000 -31.29999553 47.21610982  
227.17740000 -31.14681644 47.30077689  
227.17740000 -30.99341536 47.38504069  
227.17740000 -30.83979692 47.46890718  
227.17740000 -30.68596586 47.55238233  
227.17740000 -30.53192689 47.63547248  
227.17740000 -30.37768456 47.71818446  
227.17740000 -30.22324351 47.80052473  
227.17740000 -30.06860800 47.88249954  
227.17740000 -29.91378262 47.96411552  
227.17740000 -29.75877228 48.04537971  
227.17740000 -29.60358154 48.12629890  
227.17740000 -29.44821460 48.20687969  
227.17740000 -29.29267581 48.28712875  
227.17740000 -29.13697019 48.36705268  
227.17740000 -28.98110150 48.44665696  
227.17740000 -28.82507207 48.52594588  
227.17740000 -28.66888473 48.60492345  
227.17740000 -28.51254262 48.68359360  
227.17740000 -28.35604858 48.76196037  
227.17740000 -28.19940484 48.84002797  
227.17740000 -28.04261403 48.91780034  
227.17740000 -27.88567896 48.99528117  
227.17740000 -27.72860226 49.07247445  
227.17740000 -27.57138680 49.14938420  
227.17740000 -27.41403519 49.22601435  
227.17740000 -27.25654958 49.30236886  
227.17740000 -27.09893245 49.37845167  
227.17740000 -26.94118657 49.45426689  
227.17740000 -26.78331442 49.52981839  
227.17740000 -26.62531782 49.60510993  
227.17740000 -26.46719901 49.68014535  
227.17740000 -26.30896085 49.75492860  
227.17740000 -26.15060582 49.82946384  
227.17740000 -25.99213644 49.90375520  
227.17740000 -25.83355481 49.97780602  
227.17740000 -25.67486230 50.05161883  
227.17740000 -25.51606048 50.12519605  
227.17740000 -25.35715093 50.19854027  
227.17740000 -25.19813533 50.27165423  
227.17740000 -25.03901538 50.34454089  
227.17740000 -24.87979257 50.41720275  
227.17740000 -24.72046834 50.48964171  
227.17740000 -24.56104417 50.56186013  
227.17740000 -24.40152159 50.63386106  
227.17740000 -24.24190211 50.70564718  
227.17740000 -24.08218720 50.77722060  
227.17740000 -23.92237830 50.84858369  
227.17740000 -23.76247699 50.91973914  
227.17740000 -23.60248473 50.99068933  
227.17740000 -23.44240239 51.06143637  
227.17740000 -23.28223117 51.13198245  
227.17740000 -23.12197257 51.20233001  
227.17740000 -22.96162788 51.27248147  
227.17740000 -22.80119871 51.34243895  
227.17740000 -22.64068650 51.41220468  
227.17740000 -22.48009198 51.48178134  
227.17740000 -22.31941624 51.55117134  
227.17740000 -22.15866112 51.62037656  
227.17740000 -21.99782788 51.68939890  
227.17740000 -21.83691711 51.75824019  
227.17740000 -21.67592982 51.82690223  
227.17740000 -21.51486698 51.89538707  
227.17740000 -21.35372961 51.96369675  
227.17740000 -21.19251895 52.03183316  
227.17740000 -21.03123603 52.09979807  
227.17740000 -20.86988141 52.16759308  
227.17740000 -20.70845584 52.23521999  
227.17740000 -20.54696104 52.30268070  
227.17740000 -20.38539833 52.36997714  
227.17740000 -20.22376798 52.43711134  
227.17740000 -20.06207068 52.50408491  
227.17740000 -19.90030748 52.57089901  
227.17740000 -19.73847910 52.63755479  
227.17740000 -19.57658610 52.70405334  
227.17740000 -19.41462912 52.77039575  
227.17740000 -19.25260874 52.83658325  
227.17740000 -19.09052561 52.90261715  
227.17740000 -18.92838057 52.96849892  
227.17740000 -18.76617431 53.03422990  
227.17740000 -18.60390744 53.09981112  
227.17740000 -18.44158054 53.16524365  
227.17740000 -18.27919436 53.23052855  
227.17740000 -18.11674976 53.29566698  
227.17740000 -17.95424702 53.36066057  
227.17740000 -17.79168669 53.42551084  
227.17740000 -17.62906983 53.49021904  
227.17740000 -17.46639725 53.55478657  
227.17740000 -17.30366949 53.61921507  
227.17740000 -17.14088718 53.68350595  
227.17740000 -16.97805108 53.74766025  
227.17740000 -16.81516196 53.81167925  
227.17740000 -16.65222039 53.87556483  
227.17740000 -16.48922700 53.93931859  
227.17740000 -16.32618257 54.00294150  
227.17740000 -16.16308784 54.06643480  
227.17740000 -15.99994339 54.12980035  
227.17740000 -15.83674985 54.19303978  
227.17740000 -15.67350794 54.25615419  
227.17740000 -15.51021819 54.31914450  
227.17740000 -15.34688087 54.38201135  
227.17740000 -15.18349637 54.44475545  
227.17740000 -15.02006521 54.50737778  
227.17740000 -14.85658797 54.56987919  
227.17740000 -14.69306478 54.63226049  
227.17740000 -14.52949583 54.69452232  
227.17740000 -14.36588159 54.75666512  
227.17740000 -14.20222234 54.81868962  
227.17740000 -14.03851887 54.88059691  
227.17740000 -13.87477191 54.94238781  
227.17740000 -13.71098108 55.00406272  
227.17740000 -13.54714631 55.06562224  
227.17740000 -13.38326877 55.12706747  
227.17740000 -13.21934925 55.18839930  
227.17740000 -13.05538747 55.24961818  
227.17740000 -12.89138362 55.31072462  
227.17740000 -12.72733837 55.37171982  
227.17740000 -12.56325221 55.43260488  
227.17740000 -12.39912546 55.49338042  
227.17740000 -12.23495847 55.55404710  
227.17740000 -12.07075154 55.61460587  
227.17740000 -11.90650475 55.67505770  
227.17740000 -11.74221892 55.73540299  
227.17740000 -11.57789476 55.79564232  
227.17740000 -11.41353224 55.85577694  
227.17740000 -11.24913175 55.91580783  
227.17740000 -11.08469355 55.97573562  
227.17740000 -10.92021771 56.03556105  
227.17740000 -10.75570503 56.09528482  
227.17740000 -10.59115630 56.15490769  
227.17740000 -10.42657142 56.21443074  
227.17740000 -10.26195077 56.27385496  
227.17740000 -10.09729486 56.33318130  
227.17740000 -9.93260420 56.39241055  
227.17740000 -9.76787886 56.45154329  
227.17740000 -9.60311910 56.51058027  
227.17740000 -9.43832551 56.56952288  
227.17740000 -9.27349842 56.62837232  
227.17740000 -9.10863819 56.68712882  
227.17740000 -8.94374511 56.74579290  
227.17740000 -8.77881973 56.80436625  
227.17740000 -8.61386236 56.86285026  
227.17740000 -8.44887338 56.92124492  
227.17740000 -8.28385308 56.97955058  
227.17740000 -8.11880190 57.03776893  
227.17740000 -7.95372018 57.09590142  
227.17740000 -7.78860829 57.15394811  
227.17740000 -7.62346625 57.21190880  
227.17740000 -7.45829383 57.26978282  
227.17740000 -7.29309099 57.32756958  
227.17740000 -7.12785762 57.38526912  
227.17740000 -6.96259356 57.44288126  
227.17740000 -6.79729871 57.50040489  
227.17740000 -6.63197296 57.55783897  
227.17740000 -6.46661602 57.61518311  
227.17740000 -6.30122799 57.67243688  
227.17740000 -6.13580860 57.72960000  
227.17740000 -5.97035772 57.78667208  
227.17740000 -5.80487528 57.84365251  
227.17740000 -5.63936118 57.90054063  
227.17740000 -5.47381514 57.95733558  
227.17740000 -5.30823721 58.01403654  
227.17740000 -5.14262705 58.07064334  
227.17740000 -4.97698466 58.12715599  
227.17740000 -4.81131040 58.18357508  
227.17740000 -4.64560508 58.23990215  
227.17740000 -4.47987001 58.29614165  
227.17740000 -4.31410685 58.35229829  
227.17740000 -4.14831707 58.40837635  
227.17740000 -3.98250182 58.46437995  
227.17740000 -3.81666267 58.52031273  
227.17740000 -3.65080095 58.57617852  
227.17740000 -3.48491811 58.63198160  
227.17740000 -3.31901549 58.68772632  
227.17740000 -3.15309463 58.74341676  
227.17740000 -2.98715683 58.79905699  
227.17740000 -2.82120352 58.85465088  
227.17740000 -2.65523604 58.91020253  
227.17740000 -2.48925603 58.96571685  
227.17740000 -2.32326502 59.02119783  
227.17740000 -2.15726326 59.07664599  
227.17740000 -1.99125222 59.13206512  
227.17740000 -1.82523681 59.18747353  
227.17740000 -1.65921347 59.24286073  
227.17740000 -1.49314483 59.29810309  
227.17740000 -1.32701275 59.35314379  
227.17740000 -1.16089424 59.40825711  
227.17740000 -0.99480566 59.46349916  
227.17740000 -0.82846292 59.51785682  
227.17740000 -0.66181233 59.57113888  
227.17740000 -0.49591025 59.62710866  
227.17740000 -0.33087055 59.68611380  
227.17740000 -0.16214169 59.73224698  
227.17740000 0.01179281 59.74824802  
227.17740000 0.18495162 59.72684969  
227.17740000 0.34789557 59.66455577  
227.17740000 0.49240902 59.56571636  
227.17740000 0.61055270 59.43658603  
227.17740000 0.69438666 59.28342000  
239.31320000 -40.12298800 19.73435700  
239.31320000 -40.30304912 19.70666186  
239.31320000 -40.48432685 19.68857955  
239.31320000 -40.66630860 19.68013241  
239.31320000 -40.84848188 19.68134274  
239.31320000 -41.03033396 19.69222143  
239.31320000 -41.21135307 19.71273234  
239.31320000 -41.39102866 19.74281917  
239.31320000 -41.56885600 19.78239199  
239.31320000 -41.74433380 19.83134470  
239.31320000 -41.91696643 19.88953909  
239.31320000 -42.08626588 19.95681654  
239.31320000 -42.25176589 20.03296564  
239.31320000 -42.41300057 20.11777032  
239.31320000 -42.56948226 20.21105806  
239.31320000 -42.72074510 20.31260171  
239.31320000 -42.86647327 20.42189557  
239.31320000 -43.00674067 20.53808007  
239.31320000 -43.14306977 20.65893809  
239.31320000 -43.27708357 20.78233373  
239.31320000 -43.40880961 20.90811845  
239.31320000 -43.53789114 21.03663070  
239.31320000 -43.66428395 21.16780696  
239.31320000 -43.78801722 21.30148912  
239.31320000 -43.90903860 21.43762484  
239.31320000 -44.02727671 21.57618660  
239.31320000 -44.14268427 21.71711670  
239.31320000 -44.25522005 21.86035012  
239.31320000 -44.36483649 22.00582918  
239.31320000 -44.47148588 22.15349678  
239.31320000 -44.57513037 22.30328890  
239.31320000 -44.67573080 22.45514239  
239.31320000 -44.77322608 22.60900872  
239.31320000 -44.86756544 22.76483209  
239.31320000 -44.95878498 22.92249625  
239.31320000 -45.04716781 23.08178216  
239.31320000 -45.13405691 23.24190041  
239.31320000 -45.22073947 23.40213200  
239.31320000 -45.30632536 23.56294273  
239.31320000 -45.38935903 23.72506049  
239.31320000 -45.46926995 23.88874092  
239.31320000 -45.54585055 24.05408160  
239.31320000 -45.61916307 24.22090786  
239.31320000 -45.68942787 24.38913363  
239.31320000 -45.75674114 24.55857172  
239.31320000 -45.82122344 24.72914701  
239.31320000 -45.88299665 24.90072802  
239.31320000 -45.94216812 25.07317499  
239.31320000 -45.99876525 25.24647672  
239.31320000 -46.05274823 25.42055308  
239.31320000 -46.10410348 25.59541508  
239.31320000 -46.15279456 25.77100445  
239.31320000 -46.19879769 25.94731227  
239.31320000 -46.24208316 26.12430301  
239.31320000 -46.28263597 26.30193917  
239.31320000 -46.32045413 26.48019644  
239.31320000 -46.35555693 26.65901143  
239.31320000 -46.38798014 26.83835083  
239.31320000 -46.41774889 27.01815298  
239.31320000 -46.44489080 27.19837830  
239.31320000 -46.46943368 27.37897734  
239.31320000 -46.49140485 27.55989602  
239.31320000 -46.51082827 27.74110391  
239.31320000 -46.52772338 27.92255394  
239.31320000 -46.54211108 28.10421798  
239.31320000 -46.55401096 28.28605807  
239.31320000 -46.56344231 28.46804216  
239.31320000 -46.57042401 28.65013533  
239.31320000 -46.57497588 28.83230519  
239.31320000 -46.57711819 29.01451612  
239.31320000 -46.57687250 29.19673884  
239.31320000 -46.57426067 29.37894435  
239.31320000 -46.56930437 29.56110146  
239.31320000 -46.56202515 29.74318250  
239.31320000 -46.55244509 29.92515746  
239.31320000 -46.54058656 30.10699587  
239.31320000 -46.52647122 30.28867251  
239.31320000 -46.51012112 30.47015712  
239.31320000 -46.49155832 30.65142771  
239.31320000 -46.47080544 30.83246011  
239.31320000 -46.44788553 31.01323082  
239.31320000 -46.42282158 31.19371744  
239.31320000 -46.39563575 31.37389684  
239.31320000 -46.36635003 31.55374464  
239.31320000 -46.33498607 31.73324112  
239.31320000 -46.30156610 31.91236318  
239.31320000 -46.26611001 32.09109254  
239.31320000 -46.22863717 32.26941014  
239.31320000 -46.18916752 32.44729647  
239.31320000 -46.14772082 32.62473368  
239.31320000 -46.10431715 32.80170269  
239.31320000 -46.05897678 32.97818344  
239.31320000 -46.01171815 33.15415965  
239.31320000 -45.96255985 33.32961244  
239.31320000 -45.91151890 33.50452617  
239.31320000 -45.85861196 33.67888523  
239.31320000 -45.80385624 33.85267278  
239.31320000 -45.74726891 34.02587252  
239.31320000 -45.68886689 34.19846879  
239.31320000 -45.62866746 34.37044489  
239.31320000 -45.56668700 34.54178669  
239.31320000 -45.50294251 34.71247859  
239.31320000 -45.43745061 34.88250722  
239.31320000 -45.37022792 35.05185970  
239.31320000 -45.30129109 35.22052193  
239.31320000 -45.23065640 35.38848035  
239.31320000 -45.15834043 35.55572183  
239.31320000 -45.08436008 35.72223273  
239.31320000 -45.00873031 35.88800060  
239.31320000 -44.93146571 36.05301186  
239.31320000 -44.85257982 36.21725387  
239.31320000 -44.77208598 36.38071381  
239.31320000 -44.68999778 36.54337892  
239.31320000 -44.60632874 36.70523695  
239.31320000 -44.52109234 36.86627524  
239.31320000 -44.43430211 37.02648085  
239.31320000 -44.34597093 37.18584178  
239.31320000 -44.25611181 37.34434585  
239.31320000 -44.16473792 37.50198142  
239.31320000 -44.07186250 37.65873702  
239.31320000 -43.97749799 37.81460073  
239.31320000 -43.88165636 37.96956056  
239.31320000 -43.78435054 38.12360521  
239.31320000 -43.68559414 38.27672347  
239.31320000 -43.58539945 38.42890423  
239.31320000 -43.48377879 38.58013537  
239.31320000 -43.38074447 38.73040644  
239.31320000 -43.27630885 38.87970791  
239.31320000 -43.17048483 39.02802893  
239.31320000 -43.06328465 39.17535920  
239.31320000 -42.95472086 39.32168797  
239.31320000 -42.84480555 39.46700511  
239.31320000 -42.73355107 39.61129998  
239.31320000 -42.62096961 39.75456194  
239.31320000 -42.50707190 39.89677969  
239.31320000 -42.39186811 40.03794114  
239.31320000 -42.27536828 40.17803469  
239.31320000 -42.15758272 40.31704863  
239.31320000 -42.03852153 40.45497140  
239.31320000 -41.91819601 40.59179000  
239.31320000 -41.79661561 40.72749334  
239.31320000 -41.67379061 40.86206961  
239.31320000 -41.54973277 40.99550941  
239.31320000 -41.42445477 41.12780514  
239.31320000 -41.29797054 41.25894856  
239.31320000 -41.17029290 41.38893303  
239.31320000 -41.04143596 41.51775000  
239.31320000 -40.91141119 41.64539329  
239.31320000 -40.78023348 41.77185449  
239.31320000 -40.64791528 41.89712803  
239.31320000 -40.51446908 42.02120295  
239.31320000 -40.37990523 42.14406618  
239.31320000 -40.24423102 42.26570294  
239.31320000 -40.10745450 42.38609465  
239.31320000 -39.96958117 42.50522610  
239.31320000 -39.83062173 42.62307834  
239.31320000 -39.69058041 42.73963621  
239.31320000 -39.54946675 42.85487922  
239.31320000 -39.40728782 42.96879592  
239.31320000 -39.26405853 43.08137800  
239.31320000 -39.11982153 43.19265936  
239.31320000 -38.97463820 43.30270730  
239.31320000 -38.82857147 43.41158249  
239.31320000 -38.68167862 43.51934525  
239.31320000 -38.53402016 43.62606007  
239.31320000 -38.38566141 43.73179179  
239.31320000 -38.23664938 43.83659546  
239.31320000 -38.08702561 43.94051053  
239.31320000 -37.93681620 44.04356752  
239.31320000 -37.78603909 44.14578732  
239.31320000 -37.63471482 44.24719185  
239.31320000 -37.48286362 44.34780593  
239.31320000 -37.33050730 44.44765370  
239.31320000 -37.17766613 44.54676056  
239.31320000 -37.02436109 44.64515056  
239.31320000 -36.87061240 44.74284769  
239.31320000 -36.71644070 44.83987739  
239.31320000 -36.56186768 44.93626558  
239.31320000 -36.40691032 45.03203392  
239.31320000 -36.25158306 45.12719916  
239.31320000 -36.09589761 45.22177568  
239.31320000 -35.93986366 45.31577587  
239.31320000 -35.78349205 45.40921305  
239.31320000 -35.62679433 45.50210160  
239.31320000 -35.46978105 45.59445514  
239.31320000 -35.31246183 45.68628657  
239.31320000 -35.15484593 45.77760790  
239.31320000 -34.99694213 45.86843047  
239.31320000 -34.83875916 45.95876595  
239.31320000 -34.68030547 46.04862640  
239.31320000 -34.52158969 46.13802375  
239.31320000 -34.36262087 46.22696959  
239.31320000 -34.20340665 46.31547472  
239.31320000 -34.04395387 46.40354879  
239.31320000 -33.88426848 46.49119989  
239.31320000 -33.72435516 46.57843487  
239.31320000 -33.56421913 46.66526070  
239.31320000 -33.40386605 46.75168455  
239.31320000 -33.24330125 46.83771397  
239.31320000 -33.08253005 46.92335656  
239.31320000 -32.92155742 47.00861950  
239.31320000 -32.76038767 47.09350958  
239.31320000 -32.59902507 47.17803286  
239.31320000 -32.43747383 47.26219467  
239.31320000 -32.27573801 47.34600086  
239.31320000 -32.11382156 47.42945779  
239.31320000 -31.95172849 47.51257139  
239.31320000 -31.78946253 47.59534738  
239.31320000 -31.62702753 47.67779159  
239.31320000 -31.46442804 47.75990973  
239.31320000 -31.30166762 47.84170713  
239.31320000 -31.13874870 47.92318881  
239.31320000 -30.97567424 48.00435919  
239.31320000 -30.81244727 48.08522233  
239.31320000 -30.64907064 48.16578247  
239.31320000 -30.48554719 48.24604394  
239.31320000 -30.32187979 48.32601119  
239.31320000 -30.15807111 48.40568898  
239.31320000 -29.99412391 48.48508179  
239.31320000 -29.83004109 48.56419374  
239.31320000 -29.66582508 48.64302862  
239.31320000 -29.50147809 48.72158968  
239.31320000 -29.33700220 48.79988002  
239.31320000 -29.17239908 48.87790267  
239.31320000 -29.00767070 48.95566076  
239.31320000 -28.84281930 49.03315759  
239.31320000 -28.67784691 49.11039641  
239.31320000 -28.51275530 49.18738047  
239.31320000 -28.34754635 49.26411292  
239.31320000 -28.18222239 49.34059666  
239.31320000 -28.01678533 49.41683468  
239.31320000 -27.85123661 49.49283005  
239.31320000 -27.68557792 49.56858559  
239.31320000 -27.51981109 49.64410388  
239.31320000 -27.35393775 49.71938742  
239.31320000 -27.18795900 49.79443872  
239.31320000 -27.02187637 49.86926050  
239.31320000 -26.85569183 49.94385578  
239.31320000 -26.68940697 50.01822741  
239.31320000 -26.52302362 50.09237759  
239.31320000 -26.35654342 50.16630885  
239.31320000 -26.18996725 50.24002435  
239.31320000 -26.02329631 50.31352648  
239.31320000 -25.85653232 50.38681654  
239.31320000 -25.68967654 50.45989630  
239.31320000 -25.52272976 50.53276813  
239.31320000 -25.35569314 50.60543406  
239.31320000 -25.18856782 50.67789591  
239.31320000 -25.02135484 50.75015547  
239.31320000 -24.85405531 50.82221449  
239.31320000 -24.68667037 50.89407498  
239.31320000 -24.51920140 50.96573924  
239.31320000 -24.35164957 51.03720930  
239.31320000 -24.18401574 51.10848670  
239.31320000 -24.01630094 51.17957316  
239.31320000 -23.84850616 51.25047068  
239.31320000 -23.68063240 51.32118109  
239.31320000 -23.51268082 51.39170584  
239.31320000 -23.34465254 51.46204655  
239.31320000 -23.17654791 51.53220549  
239.31320000 -23.00836763 51.60218456  
239.31320000 -22.84011332 51.67198498  
239.31320000 -22.67178599 51.74160830  
239.31320000 -22.50338618 51.81105647  
239.31320000 -22.33491476 51.88033141  
239.31320000 -22.16637324 51.94943494  
239.31320000 -21.99776277 52.01836866  
239.31320000 -21.82908332 52.08713412  
239.31320000 -21.66033531 52.15573261  
239.31320000 -21.49152013 52.22416508  
239.31320000 -21.32263862 52.29243247  
239.31320000 -21.15369074 52.36053572  
239.31320000 -20.98467706 52.42847610  
239.31320000 -20.81559878 52.49625551  
239.31320000 -20.64645661 52.56387532  
239.31320000 -20.47725084 52.63133573  
239.31320000 -20.30798200 52.69863752  
239.31320000 -20.13865096 52.76578263  
239.31320000 -19.96925852 52.83277260  
239.31320000 -19.79980522 52.89960822  
239.31320000 -19.63029166 52.96629032  
239.31320000 -19.46071824 53.03282009  
239.31320000 -19.29108552 53.09919872  
239.31320000 -19.12139418 53.16542746  
239.31320000 -18.95164479 53.23150758  
239.31320000 -18.78183807 53.29744023  
239.31320000 -18.61197454 53.36322646  
239.31320000 -18.44205465 53.42886705  
239.31320000 -18.27207889 53.49436310  
239.31320000 -18.10204816 53.55971621  
239.31320000 -17.93196321 53.62492773  
239.31320000 -17.76182439 53.68999852  
239.31320000 -17.59163223 53.75492947  
239.31320000 -17.42138721 53.81972177  
239.31320000 -17.25108983 53.88437661  
239.31320000 -17.08074077 53.94889491  
239.31320000 -16.91034066 54.01327763  
239.31320000 -16.73988977 54.07752589  
239.31320000 -16.56938849 54.14164060  
239.31320000 -16.39883719 54.20562236  
239.31320000 -16.22823617 54.26947193  
239.31320000 -16.05758622 54.33319031  
239.31320000 -15.88688800 54.39677836  
239.31320000 -15.71614149 54.46023670  
239.31320000 -15.54534702 54.52356604  
239.31320000 -15.37450507 54.58676755  
239.31320000 -15.20361587 54.64984229  
239.31320000 -15.03268021 54.71279064  
239.31320000 -14.86169873 54.77561316  
239.31320000 -14.69067148 54.83831110  
239.31320000 -14.51959876 54.90088546  
239.31320000 -14.34848116 54.96333673  
239.31320000 -14.17731919 55.02566544  
239.31320000 -14.00611294 55.08787245  
239.31320000 -13.83486272 55.14995848  
239.31320000 -13.66356883 55.21192425  
239.31320000 -13.49223133 55.27377055  
239.31320000 -13.32085112 55.33549800  
239.31320000 -13.14942888 55.39710716  
239.31320000 -12.97796438 55.45859869  
239.31320000 -12.80645787 55.51997313  
239.31320000 -12.63490967 55.58123126  
239.31320000 -12.46331986 55.64237392  
239.31320000 -12.29168928 55.70340167  
239.31320000 -12.12001868 55.76431506  
239.31320000 -11.94830780 55.82511495  
239.31320000 -11.77655689 55.88580202  
239.31320000 -11.60476640 55.94637703  
239.31320000 -11.43293666 56.00684074  
239.31320000 -11.26106806 56.06719389  
239.31320000 -11.08916098 56.12743722  
239.31320000 -10.91721584 56.18757147  
239.31320000 -10.74523339 56.24759732  
239.31320000 -10.57321345 56.30751588  
239.31320000 -10.40115611 56.36732819  
239.31320000 -10.22906207 56.42703504  
239.31320000 -10.05693142 56.48663737  
239.31320000 -9.88476485 56.54613579  
239.31320000 -9.71256280 56.60553106  
239.31320000 -9.54032553 56.66482416  
239.31320000 -9.36805332 56.72401595  
239.31320000 -9.19574652 56.78310701  
239.31320000 -9.02340546 56.84209809  
239.31320000 -8.85103060 56.90099045  
239.31320000 -8.67862220 56.95978513  
239.31320000 -8.50618056 57.01848220  
239.31320000 -8.33370575 57.07708152  
239.31320000 -8.16119765 57.13558281  
239.31320000 -7.98865604 57.19398562  
239.31320000 -7.81608085 57.25228906  
239.31320000 -7.64347190 57.31049236  
239.31320000 -7.47082906 57.36859500  
239.31320000 -7.29815230 57.42659637  
239.31320000 -7.12544130 57.48449561  
239.31320000 -6.95269610 57.54229189  
239.31320000 -6.77991644 57.59998507  
239.31320000 -6.60710234 57.65757483  
239.31320000 -6.43425354 57.71506036  
239.31320000 -6.26136998 57.77244077  
239.31320000 -6.08845138 57.82971545  
239.31320000 -5.91549783 57.88688378  
239.31320000 -5.74250907 57.94394549  
239.31320000 -5.56948502 58.00090005  
239.31320000 -5.39642543 58.05774639  
239.31320000 -5.22333080 58.11448460  
239.31320000 -5.05020223 58.17111922  
239.31320000 -4.87704125 58.22765522  
239.31320000 -4.70384942 58.28409660  
239.31320000 -4.53062808 58.34044741  
239.31320000 -4.35737875 58.39671217  
239.31320000 -4.18410271 58.45289552  
239.31320000 -4.01080167 58.50900174  
239.31320000 -3.83747686 58.56503520  
239.31320000 -3.66412987 58.62099998  
239.31320000 -3.49076209 58.67690030  
239.31320000 -3.31737497 58.73274064  
239.31320000 -3.14396997 58.78852555  
239.31320000 -2.97054859 58.84425952  
239.31320000 -2.79711222 58.89994701  
239.31320000 -2.62366233 58.95559230  
239.31320000 -2.45020049 59.01119951  
239.31320000 -2.27672769 59.06677268  
239.31320000 -2.10324572 59.12231620  
239.31320000 -1.92975655 59.17783662  
239.31320000 -1.75625311 59.23331151  
239.31320000 -1.58269403 59.28861477  
239.31320000 -1.40906042 59.34368674  
239.31320000 -1.23544040 59.39879008  
239.31320000 -1.06185280 59.45398109  
239.31320000 -0.88797448 59.50829740  
239.31320000 -0.71374422 59.56155664  
239.31320000 -0.54036318 59.61733277  
239.31320000 -0.36805268 59.67627504  
239.31320000 -0.19226164 59.72473511  
239.31320000 -0.01158109 59.74668442  
239.31320000 0.16864033 59.73081736  
239.31320000 0.33912283 59.66943280  
239.31320000 0.49052977 59.56734529  
239.31320000 0.61352206 59.43240449  
239.31320000 0.69875954 59.27246100  
251.44900000 -41.99175900 18.82291400  
251.44900000 -42.17890398 18.79424783  
251.44900000 -42.36732587 18.77576711  
251.44900000 -42.55647131 18.76749343  
251.44900000 -42.74578734 18.76944836  
251.44900000 -42.93472105 18.78164148  
251.44900000 -43.12271887 18.80403269  
251.44900000 -43.30922945 18.83655911  
251.44900000 -43.49371134 18.87911653  
251.44900000 -43.67562498 18.93158453  
251.44900000 -43.85442823 18.99381981  
251.44900000 -44.02959290 19.06565014  
251.44900000 -44.20065004 19.14680352  
251.44900000 -44.36711293 19.23702611  
251.44900000 -44.52834230 19.33625939  
251.44900000 -44.68379009 19.44430611  
251.44900000 -44.83353303 19.56013952  
251.44900000 -44.97807620 19.68237454  
251.44900000 -45.11891464 19.80890007  
251.44900000 -45.25753409 19.93783731  
251.44900000 -45.39387761 20.06914166  
251.44900000 -45.52752769 20.20319718  
251.44900000 -45.65844380 20.33993987  
251.44900000 -45.78667368 20.47920053  
251.44900000 -45.91216502 20.62092810  
251.44900000 -46.03484266 20.76509973  
251.44900000 -46.15466104 20.91165837  
251.44900000 -46.27158133 21.06053867  
251.44900000 -46.38555503 21.21168557  
251.44900000 -46.49653455 21.36504459  
251.44900000 -46.60449078 21.52054777  
251.44900000 -46.70938908 21.67813014  
251.44900000 -46.81113823 21.83776272  
251.44900000 -46.90967184 21.99940096  
251.44900000 -47.00514127 22.16286523  
251.44900000 -47.09794984 22.32787148  
251.44900000 -47.18936187 22.49366578  
251.44900000 -47.28053339 22.65959023  
251.44900000 -47.37051330 22.82615411  
251.44900000 -47.45781945 22.99411325  
251.44900000 -47.54192002 23.16370256  
251.44900000 -47.62266267 23.33499414  
251.44900000 -47.70011327 23.50780941  
251.44900000 -47.77448260 23.68206672  
251.44900000 -47.84586532 23.85757871  
251.44900000 -47.91438294 24.03426623  
251.44900000 -47.98015582 24.21199938  
251.44900000 -48.04328758 24.39063841  
251.44900000 -48.10380353 24.57017318  
251.44900000 -48.16166133 24.75052477  
251.44900000 -48.21684654 24.93170439  
251.44900000 -48.26932136 25.11365391  
251.44900000 -48.31906026 25.29636536  
251.44900000 -48.36603133 25.47980488  
251.44900000 -48.41021721 25.66393466  
251.44900000 -48.45161365 25.84872984  
251.44900000 -48.49023654 26.03412760  
251.44900000 -48.52611818 26.22009471  
251.44900000 -48.55928083 26.40656898  
251.44900000 -48.58974962 26.59351027  
251.44900000 -48.61754830 26.78086862  
251.44900000 -48.64270003 26.96858980  
251.44900000 -48.66522759 27.15664202  
251.44900000 -48.68514985 27.34497707  
251.44900000 -48.70248485 27.53356581  
251.44900000 -48.71724866 27.72236985  
251.44900000 -48.72945954 27.91135555  
251.44900000 -48.73913609 28.10048576  
251.44900000 -48.74629613 28.28972751  
251.44900000 -48.75095718 28.47904547  
251.44900000 -48.75313834 28.66840787  
251.44900000 -48.75285929 28.85778310  
251.44900000 -48.75014002 29.04713912  
251.44900000 -48.74500051 29.23644710  
251.44900000 -48.73746014 29.42567515  
251.44900000 -48.72753823 29.61479039  
251.44900000 -48.71525453 29.80376628  
251.44900000 -48.70062950 29.99257130  
251.44900000 -48.68368407 30.18118128  
251.44900000 -48.66443952 30.36957028  
251.44900000 -48.64291647 30.55771251  
251.44900000 -48.61913522 30.74558349  
251.44900000 -48.59311734 30.93315804  
251.44900000 -48.56488484 31.12040970  
251.44900000 -48.53445686 31.30731653  
251.44900000 -48.50185192 31.49385367  
251.44900000 -48.46708781 31.67999991  
251.44900000 -48.43018218 31.86573381  
251.44900000 -48.39115263 32.05103314  
251.44900000 -48.35001660 32.23587637  
251.44900000 -48.30679206 32.42024245  
251.44900000 -48.26149756 32.60410866  
251.44900000 -48.21414937 32.78745607  
251.44900000 -48.16476367 32.97026398  
251.44900000 -48.11335729 33.15251364  
251.44900000 -48.05994728 33.33418722  
251.44900000 -48.00455057 33.51526519  
251.44900000 -47.94718361 33.69572865  
251.44900000 -47.88786263 33.87555928  
251.44900000 -47.82660421 34.05473732  
251.44900000 -47.76342315 34.23324588  
251.44900000 -47.69833410 34.41106700  
251.44900000 -47.63135086 34.58818308  
251.44900000 -47.56248681 34.76457684  
251.44900000 -47.49175618 34.94023062  
251.44900000 -47.41917343 35.11512688  
251.44900000 -47.34475211 35.28924864  
251.44900000 -47.26850586 35.46257803  
251.44900000 -47.19044816 35.63509887  
251.44900000 -47.11059287 35.80679474  
251.44900000 -47.02895353 35.97764941  
251.44900000 -46.94554324 36.14764724  
251.44900000 -46.86037570 36.31677183  
251.44900000 -46.77346445 36.48500715  
251.44900000 -46.68482278 36.65233728  
251.44900000 -46.59446373 36.81874630  
251.44900000 -46.50239922 36.98421791  
251.44900000 -46.40864068 37.14873518  
251.44900000 -46.31319882 37.31228148  
251.44900000 -46.21608427 37.47483982  
251.44900000 -46.11730808 37.63639378  
251.44900000 -46.01688172 37.79692688  
251.44900000 -45.91481608 37.95642263  
251.44900000 -45.81112209 38.11486414  
251.44900000 -45.70581160 38.27223568  
251.44900000 -45.59889706 38.42852208  
251.44900000 -45.49039091 38.58370777  
251.44900000 -45.38030474 38.73777818  
251.44900000 -45.26865147 38.89071747  
251.44900000 -45.15544335 39.04251102  
251.44900000 -45.04069318 39.19314297  
251.44900000 -44.92441273 39.34259822  
251.44900000 -44.80661301 39.49085960  
251.44900000 -44.68730428 39.63790901  
251.44900000 -44.56649597 39.78372875  
251.44900000 -44.44419847 39.92829967  
251.44900000 -44.32042123 40.07160466  
251.44900000 -44.19517542 40.21362508  
251.44900000 -44.06847017 40.35434343  
251.44900000 -43.94031570 40.49374087  
251.44900000 -43.81072515 40.63180305  
251.44900000 -43.67971340 40.76851888  
251.44900000 -43.54729692 40.90387543  
251.44900000 -43.41348927 41.03786270  
251.44900000 -43.27830780 41.17046702  
251.44900000 -43.14176587 41.30167888  
251.44900000 -43.00388197 41.43148492  
251.44900000 -42.86466972 41.55987597  
251.44900000 -42.72413993 41.68682970  
251.44900000 -42.58229883 41.81231675  
251.44900000 -42.43914752 41.93630704  
251.44900000 -42.29469255 42.05876259  
251.44900000 -42.14893435 42.17965590  
251.44900000 -42.00188333 42.29895384  
251.44900000 -41.85353446 42.41662129  
251.44900000 -41.70388801 42.53261404  
251.44900000 -41.55297767 42.64694569  
251.44900000 -41.40086488 42.75967291  
251.44900000 -41.24763305 42.87087469  
251.44900000 -41.09337129 42.98065340  
251.44900000 -40.93816914 43.08910522  
251.44900000 -40.78211636 43.19632097  
251.44900000 -40.62528804 43.30239334  
251.44900000 -40.46776166 43.40740573  
251.44900000 -40.30959357 43.51143469  
251.44900000 -40.15083019 43.61454725  
251.44900000 -39.99152306 43.71681393  
251.44900000 -39.83172255 43.81830924  
251.44900000 -39.67146310 43.91907901  
251.44900000 -39.51076361 44.01914730  
251.44900000 -39.34964114 44.11853443  
251.44900000 -39.18811086 44.21725871  
251.44900000 -39.02618813 44.31533901  
251.44900000 -38.86388914 44.41279421  
251.44900000 -38.70122783 44.50964252  
251.44900000 -38.53821720 44.60590104  
251.44900000 -38.37487002 44.70158683  
251.44900000 -38.21119889 44.79671709  
251.44900000 -38.04721639 44.89130932  
251.44900000 -37.88293481 44.98538132  
251.44900000 -37.71836485 45.07894800  
251.44900000 -37.55351603 45.17202164  
251.44900000 -37.38839679 45.26461402  
251.44900000 -37.22301478 45.35673649  
251.44900000 -37.05737787 45.44840001  
251.44900000 -36.89149362 45.53961557  
251.44900000 -36.72536973 45.63039433  
251.44900000 -36.55901417 45.72074737  
251.44900000 -36.39243289 45.81068316  
251.44900000 -36.22563043 45.90020756  
251.44900000 -36.05861154 45.98932712  
251.44900000 -35.89138094 46.07804923  
251.44900000 -35.72394345 46.16638068  
251.44900000 -35.55630372 46.25432778  
251.44900000 -35.38846638 46.34189722  
251.44900000 -35.22043646 46.42909576  
251.44900000 -35.05221824 46.51592973  
251.44900000 -34.88381522 46.60240504  
251.44900000 -34.71523139 46.68852761  
251.44900000 -34.54647101 46.77430348  
251.44900000 -34.37753800 46.85973860  
251.44900000 -34.20843586 46.94483880  
251.44900000 -34.03916847 47.02961013  
251.44900000 -33.86973994 47.11405893  
251.44900000 -33.70015374 47.19819065  
251.44900000 -33.53041297 47.28200971  
251.44900000 -33.36052031 47.36552009  
251.44900000 -33.19047811 47.44872531  
251.44900000 -33.02028884 47.53162906  
251.44900000 -32.84995477 47.61423532  
251.44900000 -32.67947835 47.69654788  
251.44900000 -32.50886230 47.77857033  
251.44900000 -32.33810912 47.86030653  
251.44900000 -32.16722121 47.94176061  
251.44900000 -31.99620080 48.02293606  
251.44900000 -31.82504996 48.10383573  
251.44900000 -31.65377069 48.18446265  
251.44900000 -31.48236475 48.26482025  
251.44900000 -31.31083410 48.34491165  
251.44900000 -31.13918078 48.42473971  
251.44900000 -30.96740667 48.50430744  
251.44900000 -30.79551359 48.58361793  
251.44900000 -30.62350346 48.66267436  
251.44900000 -30.45137822 48.74148003  
251.44900000 -30.27913959 48.82003777  
251.44900000 -30.10678935 48.89834979  
251.44900000 -29.93432911 48.97641860  
251.44900000 -29.76176012 49.05424724  
251.44900000 -29.58908382 49.13183824  
251.44900000 -29.41630196 49.20919338  
251.44900000 -29.24341599 49.28631484  
251.44900000 -29.07042697 49.36320527  
251.44900000 -28.89733630 49.43986717  
251.44900000 -28.72414578 49.51630282  
251.44900000 -28.55085689 49.59251459  
251.44900000 -28.37747073 49.66850494  
251.44900000 -28.20398860 49.74427607  
251.44900000 -28.03041198 49.81982997  
251.44900000 -27.85674210 49.89516848  
251.44900000 -27.68297941 49.97029354  
251.44900000 -27.50912476 50.04520687  
251.44900000 -27.33517984 50.11990986  
251.44900000 -27.16114584 50.19440434  
251.44900000 -26.98702367 50.26869255  
251.44900000 -26.81281437 50.34277632  
251.44900000 -26.63851886 50.41665699  
251.44900000 -26.46413815 50.49033628  
251.44900000 -26.28967343 50.56381637  
251.44900000 -26.11512583 50.63709926  
251.44900000 -25.94049637 50.71018661  
251.44900000 -25.76578594 50.78307974  
251.44900000 -25.59099490 50.85577965  
251.44900000 -25.41612400 50.92828770  
251.44900000 -25.24117442 51.00060587  
251.44900000 -25.06614708 51.07273595  
251.44900000 -24.89104308 51.14467918  
251.44900000 -24.71586332 51.21643680  
251.44900000 -24.54060795 51.28801026  
251.44900000 -24.36527766 51.35940117  
251.44900000 -24.18987391 51.43061127  
251.44900000 -24.01439764 51.50164215  
251.44900000 -23.83884950 51.57249492  
251.44900000 -23.66323023 51.64317069  
251.44900000 -23.48754053 51.71367076  
251.44900000 -23.31178123 51.78399638  
251.44900000 -23.13595266 51.85414904  
251.44900000 -22.96005536 51.92413003  
251.44900000 -22.78409020 51.99394031  
251.44900000 -22.60805783 52.06358105  
251.44900000 -22.43195908 52.13305362  
251.44900000 -22.25579468 52.20235921  
251.44900000 -22.07956497 52.27149882  
251.44900000 -21.90327046 52.34047359  
251.44900000 -21.72691223 52.40928483  
251.44900000 -21.55049113 52.47793380  
251.44900000 -21.37400730 52.54642181  
251.44900000 -21.19746112 52.61475001  
251.44900000 -21.02085374 52.68291919  
251.44900000 -20.84418598 52.75093016  
251.44900000 -20.66745770 52.81878394  
251.44900000 -20.49066930 52.88648152  
251.44900000 -20.31382159 52.95402411  
251.44900000 -20.13691509 53.02141288  
251.44900000 -19.95995032 53.08864859  
251.44900000 -19.78292771 53.15573205  
251.44900000 -19.60584777 53.22266405  
251.44900000 -19.42871099 53.28944554  
251.44900000 -19.25151804 53.35607773  
251.44900000 -19.07426958 53.42256175  
251.44900000 -18.89696605 53.48889866  
251.44900000 -18.71960796 53.55508934  
251.44900000 -18.54219560 53.62113443  
251.44900000 -18.36472935 53.68703467  
251.44900000 -18.18720974 53.75279097  
251.44900000 -18.00963731 53.81840424  
251.44900000 -17.83201237 53.88387537  
251.44900000 -17.65433527 53.94920520  
251.44900000 -17.47660657 54.01439441  
251.44900000 -17.29882678 54.07944374  
251.44900000 -17.12099618 54.14435412  
251.44900000 -16.94311518 54.20912643  
251.44900000 -16.76518418 54.27376150  
251.44900000 -16.58720346 54.33826024  
251.44900000 -16.40917380 54.40262339  
251.44900000 -16.23109589 54.46685164  
251.44900000 -16.05296955 54.53094576  
251.44900000 -15.87479492 54.59490648  
251.44900000 -15.69657270 54.65873445  
251.44900000 -15.51830331 54.72243051  
251.44900000 -15.33998730 54.78599557  
251.44900000 -15.16162525 54.84943024  
251.44900000 -14.98321685 54.91273483  
251.44900000 -14.80476204 54.97590984  
251.44900000 -14.62626184 55.03895624  
251.44900000 -14.44771684 55.10187480  
251.44900000 -14.26912691 55.16466573  
251.44900000 -14.09049220 55.22732927  
251.44900000 -13.91181314 55.28986616  
251.44900000 -13.73309018 55.35227709  
251.44900000 -13.55432348 55.41456268  
251.44900000 -13.37551328 55.47672350  
251.44900000 -13.19665999 55.53876019  
251.44900000 -13.01776402 55.60067337  
251.44900000 -12.83882557 55.66246370  
251.44900000 -12.65984485 55.72413178  
251.44900000 -12.48082225 55.78567808  
251.44900000 -12.30175819 55.84710328  
251.44900000 -12.12265304 55.90840858  
251.44900000 -11.94350717 55.96959501  
251.44900000 -11.76432102 56.03066301  
251.44900000 -11.58509531 56.09161305  
251.44900000 -11.40582986 56.15244647  
251.44900000 -11.22652477 56.21316451  
251.44900000 -11.04718087 56.27376793  
251.44900000 -10.86779843 56.33425760  
251.44900000 -10.68837790 56.39463420  
251.44900000 -10.50891961 56.45489845  
251.44900000 -10.32942388 56.51505125  
251.44900000 -10.14989091 56.57509353  
251.44900000 -9.97032127 56.63502606  
251.44900000 -9.79071538 56.69484973  
251.44900000 -9.61107360 56.75456567  
251.44900000 -9.43139615 56.81417490  
251.44900000 -9.25168345 56.87367787  
251.44900000 -9.07193550 56.93307462  
251.44900000 -8.89215210 56.99236392  
251.44900000 -8.71233310 57.05154471  
251.44900000 -8.53247836 57.11061679  
251.44900000 -8.35258776 57.16957978  
251.44900000 -8.17266107 57.22843244  
251.44900000 -7.99269811 57.28717360  
251.44900000 -7.81269870 57.34580293  
251.44900000 -7.63266283 57.40431990  
251.44900000 -7.45259011 57.46272328  
251.44900000 -7.27248056 57.52101190  
251.44900000 -7.09233386 57.57918561  
251.44900000 -6.91215002 57.63724401  
251.44900000 -6.73192872 57.69518593  
251.44900000 -6.55166996 57.75301018  
251.44900000 -6.37137335 57.81071624  
251.44900000 -6.19103897 57.86830340  
251.44900000 -6.01066635 57.92577060  
251.44900000 -5.83025554 57.98311735  
251.44900000 -5.64980712 58.04034561  
251.44900000 -5.46932229 58.09745830  
251.44900000 -5.28880248 58.15446033  
251.44900000 -5.10824931 58.21135688  
251.44900000 -4.92766446 58.26815292  
251.44900000 -4.74704919 58.32485327  
251.44900000 -4.56640514 58.38146187  
251.44900000 -4.38573372 58.43798298  
251.44900000 -4.20503661 58.49442203  
251.44900000 -4.02431515 58.55078441  
251.44900000 -3.84357103 58.60707407  
251.44900000 -3.66280556 58.66329515  
251.44900000 -3.48202034 58.71945268  
251.44900000 -3.30121682 58.77555190  
251.44900000 -3.12039672 58.83159770  
251.44900000 -2.93956155 58.88759455  
251.44900000 -2.75871230 58.94354555  
251.44900000 -2.57785074 58.99945507  
251.44900000 -2.39697933 59.05533367  
251.44900000 -2.21609998 59.11118696  
251.44900000 -2.03520925 59.16699969  
251.44900000 -1.85429536 59.22273175  
251.44900000 -1.67331829 59.27827202  
251.44900000 -1.49226036 59.33356569  
251.44900000 -1.31120575 59.38881781  
251.44900000 -1.13017256 59.44407443  
251.44900000 -0.94885340 59.49858707  
251.44900000 -0.76719020 59.55221355  
251.44900000 -0.58632541 59.60773410  
251.44900000 -0.40649004 59.66571123  
251.44900000 -0.22346488 59.71579694  
251.44900000 -0.03620646 59.74412250  
251.44900000 0.15086950 59.73470555  
251.44900000 0.32898218 59.67487207  
251.44900000 0.48759581 59.56986736  
251.44900000 0.61574982 59.42928325  
251.44900000 0.70248316 59.26271200  
