

1	1	0
1	2	0
1	3	0
1	4	0
1	5	0
1	6	0
1	7	0
1	8	0
1	9	0
1	10	0
1	11	0
1	12	0
1	13	0
1	14	0
1	15	0
1	16	0
1	17	0
1	18	0
1	19	0
1	20	0
2	1	0
2	2	0
2	3	0
2	4	0
2	5	0
2	6	0
2	7	0
2	8	0
2	9	0
2	10	0
2	11	0
2	12	0
2	13	0
2	14	0
2	15	0
2	16	0
2	17	0
2	18	0
2	19	0
2	20	0
3	1	0
3	2	0
3	3	0
3	4	0
3	5	0
3	6	0
3	7	0
3	8	0
3	9	0
3	10	0
3	11	0
3	12	0
3	13	0
3	14	0
3	15	0
3	16	0
3	17	0
3	18	0
3	19	0
3	20	0
4	1	0
4	2	0
4	3	0
4	4	0
4	5	0
4	6	0
4	7	0
4	8	0
4	9	0
4	10	0
4	11	0
4	12	0
4	13	0
4	14	0
4	15	0
4	16	0
4	17	0
4	18	0
4	19	0
4	20	0
5	1	0
5	2	0
5	3	0
5	4	0
5	5	0
5	6	0
5	7	0
5	8	0
5	9	0
5	10	0
5	11	0
5	12	0
5	13	0
5	14	0
5	15	0
5	16	0
5	17	0
5	18	0
5	19	0
5	20	0
6	1	0
6	2	0
6	3	0
6	4	0
6	5	0
6	6	0
6	7	0
6	8	0
6	9	0
6	10	0
6	11	0
6	12	0
6	13	0
6	14	0
6	15	0
6	16	0
6	17	0
6	18	0
6	19	0
6	20	0
7	1	0
7	2	6.52
7	3	7
7	4	8.49
7	5	8.49
7	6	8.86
7	7	9.57
7	8	10.14
7	9	9.35
7	10	0
7	11	0
7	12	0
7	13	0
7	14	0
7	15	0
7	16	0
7	17	0
7	18	0
7	19	0
7	20	0
8	1	0
8	2	5.92
8	3	6.26
8	4	7.79
8	5	7.79
8	6	8.78
8	7	9.16
8	8	9.79
8	9	9.33
8	10	8.42
8	11	0
8	12	0
8	13	0
8	14	0
8	15	0
8	16	0
8	17	0
8	18	0
8	19	0
8	20	0
9	1	0
9	2	5.79
9	3	6.2
9	4	7.59
9	5	7.59
9	6	8.72
9	7	8.98
9	8	9.65
9	9	9.21
9	10	8.33
9	11	0
9	12	0
9	13	0
9	14	0
9	15	0
9	16	0
9	17	0
9	18	0
9	19	0
9	20	0
10	1	4.79
10	2	4.2
10	3	4.38
10	4	3.99
10	5	3.99
10	6	4.88
10	7	8.18
10	8	8.02
10	9	7.08
10	10	6.23
10	11	0
10	12	0
10	13	0
10	14	0
10	15	0
10	16	0
10	17	0
10	18	0
10	19	0
10	20	0
11	1	4.93
11	2	5.02
11	3	5.59
11	4	6.4
11	5	6.4
11	6	7.65
11	7	7.95
11	8	7.44
11	9	6.87
11	10	6.44
11	11	0
11	12	0
11	13	0
11	14	0
11	15	0
11	16	0
11	17	0
11	18	0
11	19	0
11	20	0
12	1	0
12	2	4.44
12	3	4.94
12	4	5.37
12	5	5.37
12	6	5.81
12	7	6.37
12	8	6.05
12	9	5.91
12	10	5.73
12	11	0
12	12	0
12	13	0
12	14	0
12	15	0
12	16	0
12	17	0
12	18	0
12	19	0
12	20	0
13	1	0
13	2	3.28
13	3	3.93
13	4	3.78
13	5	3.78
13	6	3.95
13	7	4.6
13	8	5.02
13	9	5.05
13	10	5.09
13	11	0
13	12	0
13	13	0
13	14	0
13	15	0
13	16	0
13	17	0
13	18	0
13	19	0
13	20	0
14	1	0
14	2	3.25
14	3	3.1
14	4	2.79
14	5	2.79
14	6	3.52
14	7	3.83
14	8	4
14	9	4.35
14	10	0
14	11	0
14	12	0
14	13	0
14	14	0
14	15	0
14	16	0
14	17	0
14	18	0
14	19	0
14	20	0
15	1	0
15	2	2.87
15	3	2.87
15	4	3.46
15	5	3.46
15	6	3.21
15	7	3.3
15	8	3.57
15	9	4.37
15	10	0
15	11	0
15	12	0
15	13	0
15	14	0
15	15	0
15	16	0
15	17	0
15	18	0
15	19	0
15	20	0
16	1	0
16	2	3.05
16	3	2.82
16	4	2.8
16	5	2.8
16	6	3.07
16	7	3.23
16	8	3.77
16	9	4.4
16	10	0
16	11	0
16	12	0
16	13	0
16	14	0
16	15	0
16	16	0
16	17	0
16	18	0
16	19	0
16	20	0
17	1	0
17	2	4.01
17	3	3.49
17	4	3.62
17	5	3.62
17	6	3.52
17	7	3.29
17	8	3.63
17	9	4.3
17	10	4.83
17	11	0
17	12	0
17	13	0
17	14	0
17	15	0
17	16	0
17	17	0
17	18	0
17	19	0
17	20	0
18	1	0
18	2	3.58
18	3	3.44
18	4	3.16
18	5	3.16
18	6	3.33
18	7	3.25
18	8	3.39
18	9	3.92
18	10	0
18	11	0
18	12	0
18	13	0
18	14	0
18	15	0
18	16	0
18	17	0
18	18	0
18	19	0
18	20	0
19	1	0
19	2	2.71
19	3	2.7
19	4	3.13
19	5	3.13
19	6	3.03
19	7	3.59
19	8	3.73
19	9	4.24
19	10	0
19	11	0
19	12	0
19	13	0
19	14	0
19	15	0
19	16	0
19	17	0
19	18	0
19	19	0
19	20	0
20	1	0
20	2	3.58
20	3	3.45
20	4	3.47
20	5	3.47
20	6	3.31
20	7	3.16
20	8	3.42
20	9	4.18
20	10	4.36
20	11	0
20	12	0
20	13	0
20	14	0
20	15	0
20	16	0
20	17	0
20	18	0
20	19	0
20	20	0
21	1	0
21	2	2.86
21	3	3.31
21	4	3.16
21	5	3.16
21	6	3.11
21	7	3.31
21	8	3.48
21	9	4.47
21	10	0
21	11	0
21	12	0
21	13	0
21	14	0
21	15	0
21	16	0
21	17	0
21	18	0
21	19	0
21	20	0
22	1	3.66
22	2	4.3
22	3	3.69
22	4	3.28
22	5	3.28
22	6	3.51
22	7	3.6
22	8	3.8
22	9	4.27
22	10	0
22	11	0
22	12	0
22	13	0
22	14	0
22	15	0
22	16	0
22	17	0
22	18	0
22	19	0
22	20	0
23	1	0
23	2	5.82
23	3	5.64
23	4	5.34
23	5	5.34
23	6	4.14
23	7	3.7
23	8	4.36
23	9	4.88
23	10	4.36
23	11	0
23	12	0
23	13	0
23	14	0
23	15	0
23	16	0
23	17	0
23	18	0
23	19	0
23	20	0
24	1	0
24	2	8.15
24	3	6.91
24	4	6.98
24	5	6.98
24	6	5.21
24	7	4.8
24	8	5
24	9	5.96
24	10	4.35
24	11	0
24	12	0
24	13	0
24	14	0
24	15	0
24	16	0
24	17	0
24	18	0
24	19	0
24	20	0
25	1	0
25	2	3.59
25	3	3.17
25	4	2.86
25	5	2.86
25	6	3.06
25	7	3.14
25	8	3.45
25	9	3.84
25	10	0
25	11	0
25	12	0
25	13	0
25	14	0
25	15	0
25	16	0
25	17	0
25	18	0
25	19	0
25	20	0
26	1	0
26	2	4.49
26	3	4.76
26	4	5.28
26	5	5.28
26	6	3.71
26	7	3.65
26	8	4.08
26	9	4.46
26	10	7.85
26	11	0
26	12	0
26	13	0
26	14	0
26	15	0
26	16	0
26	17	0
26	18	0
26	19	0
26	20	0
27	1	0
27	2	9.99
27	3	9.89
27	4	9.95
27	5	9.95
27	6	6.69
27	7	6.36
27	8	6.47
27	9	6.87
27	10	7.71
27	11	0
27	12	0
27	13	0
27	14	0
27	15	0
27	16	0
27	17	0
27	18	0
27	19	0
27	20	0
28	1	0
28	2	10.03
28	3	9.82
28	4	9.84
28	5	9.84
28	6	6.78
28	7	6.44
28	8	6.47
28	9	6.84
28	10	7.83
28	11	0
28	12	0
28	13	0
28	14	0
28	15	0
28	16	0
28	17	0
28	18	0
28	19	0
28	20	0
29	1	0
29	2	10.18
29	3	10.09
29	4	9.38
29	5	9.38
29	6	7.58
29	7	6.5
29	8	6.71
29	9	6.69
29	10	7.77
29	11	0
29	12	0
29	13	0
29	14	0
29	15	0
29	16	0
29	17	0
29	18	0
29	19	0
29	20	0
30	1	0
30	2	9.97
30	3	9.88
30	4	9.96
30	5	9.96
30	6	6.67
30	7	6.36
30	8	6.47
30	9	6.88
30	10	7.7
30	11	0
30	12	0
30	13	0
30	14	0
30	15	0
30	16	0
30	17	0
30	18	0
30	19	0
30	20	0
31	1	0
31	2	9.86
31	3	10.13
31	4	9
31	5	9
31	6	8.4
31	7	7.99
31	8	8.39
31	9	9.24
31	10	9.88
31	11	0
31	12	0
31	13	0
31	14	0
31	15	0
31	16	0
31	17	0
31	18	0
31	19	0
31	20	0
32	1	0
32	2	9.85
32	3	10.57
32	4	9.2
32	5	9.2
32	6	8.33
32	7	7.97
32	8	8.43
32	9	9.29
32	10	9.08
32	11	0
32	12	0
32	13	0
32	14	0
32	15	0
32	16	0
32	17	0
32	18	0
32	19	0
32	20	0
33	1	0
33	2	9.93
33	3	9.82
33	4	9.58
33	5	9.58
33	6	7.31
33	7	7.6
33	8	7.62
33	9	8.49
33	10	8.9
33	11	0
33	12	0
33	13	0
33	14	0
33	15	0
33	16	0
33	17	0
33	18	0
33	19	0
33	20	0
34	1	0
34	2	9.87
34	3	10.07
34	4	9.32
34	5	9.32
34	6	8.14
34	7	7.87
34	8	8.19
34	9	8.96
34	10	8.91
34	11	0
34	12	0
34	13	0
34	14	0
34	15	0
34	16	0
34	17	0
34	18	0
34	19	0
34	20	0
35	1	0
35	2	10.29
35	3	10.42
35	4	8.87
35	5	8.87
35	6	8.4
35	7	8.41
35	8	8.69
35	9	8.97
35	10	9.32
35	11	0
35	12	0
35	13	0
35	14	0
35	15	0
35	16	0
35	17	0
35	18	0
35	19	0
35	20	0
36	1	0
36	2	11.05
36	3	10.82
36	4	10.59
36	5	10.59
36	6	9.11
36	7	8.69
36	8	9.24
36	9	9.58
36	10	10.7
36	11	0
36	12	0
36	13	0
36	14	0
36	15	0
36	16	0
36	17	0
36	18	0
36	19	0
36	20	0
37	1	0
37	2	11.19
37	3	10.89
37	4	10.66
37	5	10.66
37	6	9.12
37	7	8.89
37	8	9.32
37	9	10.51
37	10	10.63
37	11	0
37	12	0
37	13	0
37	14	0
37	15	0
37	16	0
37	17	0
37	18	0
37	19	0
37	20	0
38	1	0
38	2	11.74
38	3	10.92
38	4	10.69
38	5	10.69
38	6	9.1
38	7	8.97
38	8	9.35
38	9	10.47
38	10	10.89
38	11	0
38	12	0
38	13	0
38	14	0
38	15	0
38	16	0
38	17	0
38	18	0
38	19	0
38	20	0
39	1	0
39	2	11.78
39	3	11.11
39	4	10.9
39	5	10.9
39	6	9.5
39	7	9
39	8	9.21
39	9	10.48
39	10	10.76
39	11	0
39	12	0
39	13	0
39	14	0
39	15	0
39	16	0
39	17	0
39	18	0
39	19	0
39	20	0
40	1	0
40	2	10.93
40	3	11
40	4	11.43
40	5	11.43
40	6	10.66
40	7	10.3
40	8	10.84
40	9	11.28
40	10	11.05
40	11	0
40	12	0
40	13	0
40	14	0
40	15	0
40	16	0
40	17	0
40	18	0
40	19	0
40	20	0
41	1	0
41	2	10.98
41	3	10.97
41	4	11.01
41	5	11.01
41	6	9.94
41	7	9.46
41	8	9.26
41	9	9.67
41	10	11.23
41	11	0
41	12	0
41	13	0
41	14	0
41	15	0
41	16	0
41	17	0
41	18	0
41	19	0
41	20	0
42	1	0
42	2	10.93
42	3	11
42	4	11.43
42	5	11.43
42	6	10.66
42	7	10.3
42	8	10.84
42	9	11.28
42	10	12.45
42	11	0
42	12	0
42	13	0
42	14	0
42	15	0
42	16	0
42	17	0
42	18	0
42	19	0
42	20	0
43	1	0
43	2	11.02
43	3	11.18
43	4	11.25
43	5	11.25
43	6	10.85
43	7	10.28
43	8	10.84
43	9	11.38
43	10	12.22
43	11	0
43	12	0
43	13	0
43	14	0
43	15	0
43	16	0
43	17	0
43	18	0
43	19	0
43	20	0
44	1	0
44	2	10.93
44	3	11
44	4	11.45
44	5	11.45
44	6	10.67
44	7	10.33
44	8	10.86
44	9	11.28
44	10	12.84
44	11	0
44	12	0
44	13	0
44	14	0
44	15	0
44	16	0
44	17	0
44	18	0
44	19	0
44	20	0
45	1	0
45	2	10.68
45	3	10.79
45	4	11.48
45	5	11.48
45	6	10.62
45	7	10.6
45	8	11.62
45	9	12.17
45	10	12.98
45	11	0
45	12	0
45	13	0
45	14	0
45	15	0
45	16	0
45	17	0
45	18	0
45	19	0
45	20	0
46	1	0
46	2	11.09
46	3	10.93
46	4	11.3
46	5	11.3
46	6	10.99
46	7	10.7
46	8	11.16
46	9	11.97
46	10	12.46
46	11	0
46	12	0
46	13	0
46	14	0
46	15	0
46	16	0
46	17	0
46	18	0
46	19	0
46	20	0
47	1	0
47	2	11.11
47	3	10.9
47	4	11.27
47	5	11.27
47	6	11.48
47	7	11.27
47	8	11.76
47	9	13.75
47	10	15.16
47	11	0
47	12	0
47	13	0
47	14	0
47	15	0
47	16	0
47	17	0
47	18	0
47	19	0
47	20	0
48	1	0
48	2	0
48	3	10.81
48	4	11.3
48	5	11.3
48	6	11.57
48	7	12.69
48	8	13.14
48	9	14.03
48	10	13.88
48	11	0
48	12	0
48	13	0
48	14	0
48	15	0
48	16	0
48	17	0
48	18	0
48	19	0
48	20	0
49	1	0
49	2	11.24
49	3	10.83
49	4	11.35
49	5	11.35
49	6	11.78
49	7	11.72
49	8	12.72
49	9	14.45
49	10	15.25
49	11	0
49	12	0
49	13	0
49	14	0
49	15	0
49	16	0
49	17	0
49	18	0
49	19	0
49	20	0
50	1	0
50	2	10.93
50	3	11
50	4	11.43
50	5	11.43
50	6	10.66
50	7	10.3
50	8	10.84
50	9	11.28
50	10	0
50	11	0
50	12	0
50	13	0
50	14	0
50	15	0
50	16	0
50	17	0
50	18	0
50	19	0
50	20	0
51	1	0
51	2	10.93
51	3	11
51	4	11.43
51	5	11.43
51	6	10.66
51	7	10.3
51	8	10.84
51	9	11.28
51	10	0
51	11	0
51	12	0
51	13	0
51	14	0
51	15	0
51	16	0
51	17	0
51	18	0
51	19	0
51	20	0
52	1	0
52	2	9.16
52	3	10.18
52	4	11.5
52	5	11.5
52	6	12.49
52	7	12.57
52	8	13.11
52	9	13.97
52	10	14.03
52	11	0
52	12	0
52	13	0
52	14	0
52	15	0
52	16	0
52	17	0
52	18	0
52	19	0
52	20	0
53	1	0
53	2	9.78
53	3	10.92
53	4	11.77
53	5	11.77
53	6	11.68
53	7	11.98
53	8	12.52
53	9	14.21
53	10	15.14
53	11	0
53	12	0
53	13	0
53	14	0
53	15	0
53	16	0
53	17	0
53	18	0
53	19	0
53	20	0
54	1	0
54	2	10.93
54	3	11
54	4	11.43
54	5	11.43
54	6	10.66
54	7	10.3
54	8	10.84
54	9	11.28
54	10	0
54	11	0
54	12	0
54	13	0
54	14	0
54	15	0
54	16	0
54	17	0
54	18	0
54	19	0
54	20	0
55	1	0
55	2	10.93
55	3	11
55	4	11.43
55	5	11.43
55	6	10.66
55	7	10.3
55	8	10.84
55	9	11.28
55	10	13.74
55	11	0
55	12	0
55	13	0
55	14	0
55	15	0
55	16	0
55	17	0
55	18	0
55	19	0
55	20	0
56	1	0
56	2	10.93
56	3	11
56	4	11.43
56	5	11.43
56	6	10.66
56	7	10.3
56	8	10.84
56	9	11.28
56	10	13.67
56	11	0
56	12	0
56	13	0
56	14	0
56	15	0
56	16	0
56	17	0
56	18	0
56	19	0
56	20	0
57	1	0
57	2	0
57	3	0
57	4	0
57	5	0
57	6	0
57	7	0
57	8	0
57	9	0
57	10	0
57	11	0
57	12	0
57	13	0
57	14	0
57	15	0
57	16	0
57	17	0
57	18	0
57	19	0
57	20	0
58	1	0
58	2	0
58	3	0
58	4	0
58	5	0
58	6	0
58	7	0
58	8	0
58	9	0
58	10	0
58	11	0
58	12	0
58	13	0
58	14	0
58	15	0
58	16	0
58	17	0
58	18	0
58	19	0
58	20	0
59	1	0
59	2	10.93
59	3	11
59	4	11.43
59	5	11.43
59	6	10.66
59	7	10.3
59	8	10.84
59	9	11.28
59	10	0
59	11	0
59	12	0
59	13	0
59	14	0
59	15	0
59	16	0
59	17	0
59	18	0
59	19	0
59	20	0
60	1	0
60	2	0
60	3	0
60	4	0
60	5	0
60	6	0
60	7	0
60	8	0
60	9	0
60	10	0
60	11	0
60	12	0
60	13	0
60	14	0
60	15	0
60	16	0
60	17	0
60	18	0
60	19	0
60	20	0
